Updating system with the options from the configuration file
Maximum wallclock time: 1:00:00

Wed Sep 20 12:08:18 2023
Iteration 1 (50 requested)
Beginning iteration 1
50 segments remain in iteration 1 (50 total)
1 of 1 (100.000000%) active bins are populated
per-bin minimum non-zero probability:       1
per-bin maximum probability:                1
per-bin probability dynamic range (kT):     0
per-segment minimum non-zero probability:   0.02
per-segment maximum non-zero probability:   0.02
per-segment probability dynamic range (kT): 0
norm = 1, error in norm = 0 (0*epsilon)
Waiting for segments to complete...
pcoords [[9.402092 ]
 [9.5047455]
 [9.617469 ]
 [9.486415 ]
 [9.51721  ]
 [9.48938  ]
 [9.377808 ]
 [9.59333  ]
 [9.251547 ]
 [9.559798 ]
 [9.595193 ]
 [9.505206 ]
 [9.6885195]
 [9.596097 ]
 [9.628349 ]
 [9.551888 ]
 [9.571998 ]
 [9.553333 ]
 [9.659337 ]
 [9.473804 ]
 [9.6182375]
 [9.502909 ]
 [9.747281 ]
 [9.597872 ]
 [9.615071 ]
 [9.627255 ]
 [9.573801 ]
 [9.777657 ]
 [9.455114 ]
 [9.513013 ]
 [9.441941 ]
 [9.668811 ]
 [9.679944 ]
 [9.699853 ]
 [9.576257 ]
 [9.397398 ]
 [9.535523 ]
 [9.488194 ]
 [9.403402 ]
 [9.570149 ]
 [9.797992 ]
 [9.49805  ]
 [9.6298   ]
 [9.510226 ]
 [9.573702 ]
 [9.240323 ]
 [9.410114 ]
 [9.409781 ]
 [9.5413   ]
 [9.689947 ]]
weights [0.02 0.02 0.02 0.02 0.02 0.02 0.02 0.02 0.02 0.02 0.02 0.02 0.02 0.02
 0.02 0.02 0.02 0.02 0.02 0.02 0.02 0.02 0.02 0.02 0.02 0.02 0.02 0.02
 0.02 0.02 0.02 0.02 0.02 0.02 0.02 0.02 0.02 0.02 0.02 0.02 0.02 0.02
 0.02 0.02 0.02 0.02 0.02 0.02 0.02 0.02]
Initial weight sum:  1.0
-- INFO     [wevo] -- distance_matrix
-- INFO     [wevo] -- 
[[0.         0.1026535  0.21537685 ... 0.00768948 0.13920784 0.28785515]
 [0.1026535  0.         0.11272335 ... 0.09496403 0.03655434 0.18520164]
 [0.21537685 0.11272335 0.         ... 0.20768738 0.07616901 0.07247829]
 ...
 [0.00768948 0.09496403 0.20768738 ... 0.         0.13151836 0.28016567]
 [0.13920784 0.03655434 0.07616901 ... 0.13151836 0.         0.14864731]
 [0.28785515 0.18520164 0.07247829 ... 0.28016567 0.14864731 0.        ]]
-- INFO     [wevo] -- Starting variance optimization: 2305.83596581776
-- INFO     [wevo] -- WEVO ran for 36 cycles
-- INFO     [wevo] -- 
To split: 50 total: 35 being split 
 [0, 0, 0, 0, 0, 0, 0, 0, 1, 0, 0, 0, 0, 0, 0, 0, 0, 0, 0, 0, 0, 0, 0, 0, 0, 0, 0, 0, 0, 0, 0, 0, 0, 0, 0, 0, 0, 0, 0, 0, 17, 0, 0, 0, 0, 17, 0, 0, 0, 0]
-- INFO     [wevo] -- 
To merge: 50 total: 35 being merged 
 [[], [21, 41, 5], [], [], [29, 43, 11], [], [35, 0, 18], [], [], [], [13, 23, 24], [], [32, 31, 49], [], [], [19, 17, 9], [], [], [], [], [2, 25, 14], [], [33, 27], [], [], [], [], [], [39, 26, 30], [], [], [], [], [], [], [], [], [3, 36, 48], [], [], [], [], [], [], [16, 34, 7], [], [], [46, 38, 42], [], []]
Final variation value after 36 wevo cycles:  26698.169636129995
Bin attrs post WEVO:  <Bin at 0x165ecf3c0, label=None, count=50, weight=1>
Total = 50, splitting = 38, merging = 47
Iteration completed successfully
Iteration wallclock: 0:00:00.151337, cputime: 0:00:00


Wed Sep 20 12:08:18 2023
Iteration 2 (50 requested)
Beginning iteration 2
50 segments remain in iteration 2 (50 total)
1 of 1 (100.000000%) active bins are populated
per-bin minimum non-zero probability:       1
per-bin maximum probability:                1
per-bin probability dynamic range (kT):     0
per-segment minimum non-zero probability:   0.00111111
per-segment maximum non-zero probability:   0.08
per-segment probability dynamic range (kT): 4.27667
norm = 1, error in norm = -1.11022e-16 (-0.5*epsilon)
Waiting for segments to complete...
pcoords [[9.814473 ]
 [9.770375 ]
 [9.845106 ]
 [9.934028 ]
 [9.770572 ]
 [9.805516 ]
 [9.015198 ]
 [9.846209 ]
 [9.182206 ]
 [9.398845 ]
 [9.234544 ]
 [9.129778 ]
 [9.534657 ]
 [9.860147 ]
 [9.73316  ]
 [9.749828 ]
 [9.17621  ]
 [9.106969 ]
 [9.183304 ]
 [9.382843 ]
 [9.0348625]
 [9.807718 ]
 [9.070911 ]
 [9.90147  ]
 [9.327733 ]
 [9.837075 ]
 [9.8443985]
 [9.386814 ]
 [9.810303 ]
 [9.461137 ]
 [9.518904 ]
 [9.801446 ]
 [9.147783 ]
 [9.818559 ]
 [9.897028 ]
 [9.044559 ]
 [8.980038 ]
 [9.417627 ]
 [9.863974 ]
 [9.593468 ]
 [9.666914 ]
 [9.344404 ]
 [9.699621 ]
 [9.294874 ]
 [9.550691 ]
 [9.922885 ]
 [9.656557 ]
 [9.540523 ]
 [9.480243 ]
 [9.774908 ]]
weights [0.00111111 0.00111111 0.00111111 0.00111111 0.00111111 0.00111111
 0.00111111 0.00111111 0.00111111 0.00111111 0.00111111 0.00111111
 0.00111111 0.00111111 0.00111111 0.00111111 0.00111111 0.00111111
 0.00111111 0.00111111 0.00111111 0.00111111 0.00111111 0.00111111
 0.00111111 0.00111111 0.00111111 0.00111111 0.00111111 0.00111111
 0.00111111 0.00111111 0.00111111 0.00111111 0.00111111 0.00111111
 0.01       0.01       0.06       0.08       0.08       0.08
 0.08       0.08       0.08       0.08       0.08       0.08
 0.08       0.08      ]
Initial weight sum:  0.9999999999999999
-- INFO     [wevo] -- distance_matrix
-- INFO     [wevo] -- 
[[0.         0.0440979  0.03063297 ... 0.27395058 0.33423042 0.03956509]
 [0.0440979  0.         0.07473087 ... 0.22985268 0.29013252 0.00453281]
 [0.03063297 0.07473087 0.         ... 0.30458355 0.3648634  0.07019806]
 ...
 [0.27395058 0.22985268 0.30458355 ... 0.         0.06027985 0.23438549]
 [0.33423042 0.29013252 0.3648634  ... 0.06027985 0.         0.29466534]
 [0.03956509 0.00453281 0.07019806 ... 0.23438549 0.29466534 0.        ]]
-- INFO     [wevo] -- Starting variance optimization: 63189.85648873416
-- INFO     [wevo] -- WEVO ran for 37 cycles
-- INFO     [wevo] -- 
To split: 50 total: 36 being split 
 [0, 0, 0, 0, 0, 0, 0, 0, 0, 0, 0, 0, 0, 0, 0, 0, 0, 0, 0, 0, 0, 0, 0, 0, 0, 0, 0, 0, 0, 0, 0, 0, 0, 0, 0, 0, 19, 0, 0, 0, 0, 0, 0, 0, 0, 17, 0, 0, 0, 0]
-- INFO     [wevo] -- 
To merge: 50 total: 36 being merged 
 [[], [], [], [], [], [], [], [], [], [], [], [], [], [], [], [], [], [], [], [], [], [], [], [], [], [], [], [], [], [], [], [], [], [], [], [], [], [], [], [7, 13, 34, 23], [], [32, 4, 17, 28, 22, 2], [], [6], [8, 15, 1, 31, 21, 33, 26, 35], [], [], [10, 18, 14, 16, 11, 5, 0, 25, 20], [30, 29, 12, 37, 9, 27, 19, 24], []]
Final variation value after 37 wevo cycles:  235740.94603564133
Bin attrs post WEVO:  <Bin at 0x165ecfe40, label=None, count=50, weight=1>
Total = 50, splitting = 38, merging = 42
Iteration completed successfully
Iteration wallclock: 0:00:00.143832, cputime: 0:00:00


Wed Sep 20 12:08:18 2023
Iteration 3 (50 requested)
Beginning iteration 3
50 segments remain in iteration 3 (50 total)
1 of 1 (100.000000%) active bins are populated
per-bin minimum non-zero probability:       1
per-bin maximum probability:                1
per-bin probability dynamic range (kT):     0
per-segment minimum non-zero probability:   0.0005
per-segment maximum non-zero probability:   0.0977778
per-segment probability dynamic range (kT): 5.27584
norm = 1, error in norm = -1.11022e-16 (-0.5*epsilon)
Waiting for segments to complete...
pcoords [[8.960052 ]
 [8.906482 ]
 [9.064867 ]
 [8.856731 ]
 [8.895496 ]
 [9.066365 ]
 [9.025073 ]
 [8.883695 ]
 [9.031774 ]
 [8.631812 ]
 [9.239092 ]
 [9.100092 ]
 [8.927207 ]
 [9.089698 ]
 [8.785521 ]
 [9.005306 ]
 [8.876772 ]
 [8.897897 ]
 [9.145071 ]
 [8.985538 ]
 [9.96332  ]
 [9.835898 ]
 [9.911277 ]
 [9.995057 ]
 [9.7765255]
 [9.834996 ]
 [9.669654 ]
 [9.997859 ]
 [9.830023 ]
 [9.824017 ]
 [9.62413  ]
 [9.901428 ]
 [9.994977 ]
 [9.857503 ]
 [9.93179  ]
 [9.916863 ]
 [9.86602  ]
 [9.806182 ]
 [9.84065  ]
 [9.825354 ]
 [9.569826 ]
 [9.5611725]
 [9.66013  ]
 [9.6479435]
 [9.407468 ]
 [9.3289995]
 [9.544115 ]
 [9.5047655]
 [9.415132 ]
 [9.606592 ]]
weights [0.0005     0.0005     0.0005     0.0005     0.0005     0.0005
 0.0005     0.0005     0.0005     0.0005     0.0005     0.0005
 0.0005     0.0005     0.0005     0.0005     0.0005     0.0005
 0.0005     0.0005     0.00111111 0.00444444 0.00444444 0.00444444
 0.00444444 0.00444444 0.00444444 0.00444444 0.00444444 0.00444444
 0.00444444 0.00444444 0.00444444 0.00444444 0.00444444 0.00444444
 0.00444444 0.00444444 0.00444444 0.06       0.08       0.08
 0.08       0.08       0.08111111 0.08444444 0.08666667 0.08888889
 0.09       0.09777778]
Initial weight sum:  0.9999999999999999
-- INFO     [wevo] -- distance_matrix
-- INFO     [wevo] -- 
[[0.         0.05356979 0.10481548 ... 0.54471397 0.45508003 0.64654064]
 [0.05356979 0.         0.15838528 ... 0.59828377 0.50864983 0.70011044]
 [0.10481548 0.15838528 0.         ... 0.43989849 0.35026455 0.54172516]
 ...
 [0.54471397 0.59828377 0.43989849 ... 0.         0.08963394 0.10182667]
 [0.45508003 0.50864983 0.35026455 ... 0.08963394 0.         0.19146061]
 [0.64654064 0.70011044 0.54172516 ... 0.10182667 0.19146061 0.        ]]
-- INFO     [wevo] -- Starting variance optimization: 229163.39591797115
-- INFO     [wevo] -- WEVO ran for 36 cycles
-- INFO     [wevo] -- 
To split: 50 total: 35 being split 
 [0, 0, 0, 0, 0, 0, 0, 0, 0, 20, 0, 0, 0, 0, 0, 0, 0, 0, 0, 0, 0, 0, 0, 5, 0, 0, 0, 6, 0, 0, 0, 0, 4, 0, 0, 0, 0, 0, 0, 0, 0, 0, 0, 0, 0, 0, 0, 0, 0, 0]
-- INFO     [wevo] -- 
To merge: 50 total: 35 being merged 
 [[], [], [], [], [], [], [], [], [], [], [], [], [], [], [], [], [], [], [], [], [], [], [], [], [], [], [], [], [], [], [], [], [], [], [], [], [], [], [], [], [33, 35], [38, 31], [], [], [10, 30, 18, 12, 1, 17, 4, 7, 16, 3, 37, 28], [11, 13, 5, 2, 8, 6, 15, 19, 26, 0, 24, 14, 20], [36, 34], [21, 22], [29, 25], []]
Final variation value after 36 wevo cycles:  836170.9235530776
Bin attrs post WEVO:  <Bin at 0x165f48900, label=None, count=50, weight=1>
Total = 50, splitting = 39, merging = 42
Iteration completed successfully
Iteration wallclock: 0:00:00.140469, cputime: 0:00:00


Wed Sep 20 12:08:18 2023
Iteration 4 (50 requested)
Beginning iteration 4
50 segments remain in iteration 4 (50 total)
1 of 1 (100.000000%) active bins are populated
per-bin minimum non-zero probability:       1
per-bin maximum probability:                1
per-bin probability dynamic range (kT):     0
per-segment minimum non-zero probability:   2.38095e-05
per-segment maximum non-zero probability:   0.0994444
per-segment probability dynamic range (kT): 8.33727
norm = 1, error in norm = 0 (0*epsilon)
Waiting for segments to complete...
pcoords [[8.577463 ]
 [8.70693  ]
 [8.670931 ]
 [8.690015 ]
 [8.585094 ]
 [8.5752   ]
 [8.555713 ]
 [8.554021 ]
 [8.938001 ]
 [8.792929 ]
 [8.608039 ]
 [8.754128 ]
 [8.493228 ]
 [8.538819 ]
 [8.63045  ]
 [8.859835 ]
 [8.783364 ]
 [8.777495 ]
 [8.677984 ]
 [8.52459  ]
 [8.588005 ]
 [9.847814 ]
 [9.828708 ]
 [9.951593 ]
 [9.749917 ]
 [9.993031 ]
 [9.909132 ]
 [9.963744 ]
 [9.87837  ]
 [9.894867 ]
 [9.986614 ]
 [9.9015045]
 [9.958578 ]
 [9.993585 ]
 [9.854878 ]
 [9.925385 ]
 [9.688838 ]
 [9.91507  ]
 [9.981452 ]
 [9.591495 ]
 [9.840972 ]
 [9.680327 ]
 [9.425791 ]
 [9.504514 ]
 [9.870729 ]
 [9.40357  ]
 [9.643864 ]
 [9.703938 ]
 [9.901895 ]
 [9.5334015]]
weights [2.38095238e-05 2.38095238e-05 2.38095238e-05 2.38095238e-05
 2.38095238e-05 2.38095238e-05 2.38095238e-05 2.38095238e-05
 2.38095238e-05 2.38095238e-05 2.38095238e-05 2.38095238e-05
 2.38095238e-05 2.38095238e-05 2.38095238e-05 2.38095238e-05
 2.38095238e-05 2.38095238e-05 2.38095238e-05 2.38095238e-05
 2.38095238e-05 6.34920635e-04 6.34920635e-04 6.34920635e-04
 6.34920635e-04 6.34920635e-04 6.34920635e-04 6.34920635e-04
 7.40740741e-04 7.40740741e-04 7.40740741e-04 7.40740741e-04
 7.40740741e-04 7.40740741e-04 8.88888889e-04 8.88888889e-04
 8.88888889e-04 8.88888889e-04 8.88888889e-04 6.00000000e-02
 8.00000000e-02 8.00000000e-02 8.88888889e-02 8.88888889e-02
 9.55555556e-02 9.77777778e-02 9.77777778e-02 9.88888889e-02
 9.89444444e-02 9.94444444e-02]
Initial weight sum:  1.0
-- INFO     [wevo] -- distance_matrix
-- INFO     [wevo] -- 
[[0.         0.12946701 0.09346771 ... 1.12647438 1.32443142 0.95593834]
 [0.12946701 0.         0.0359993  ... 0.99700737 1.19496441 0.82647133]
 [0.09346771 0.0359993  0.         ... 1.03300667 1.23096371 0.86247063]
 ...
 [1.12647438 0.99700737 1.03300667 ... 0.         0.19795704 0.17053604]
 [1.32443142 1.19496441 1.23096371 ... 0.19795704 0.         0.36849308]
 [0.95593834 0.82647133 0.86247063 ... 0.17053604 0.36849308 0.        ]]
-- INFO     [wevo] -- Starting variance optimization: 699103.4465639882
-- INFO     [wevo] -- WEVO ran for 28 cycles
-- INFO     [wevo] -- 
To split: 50 total: 27 being split 
 [0, 0, 0, 0, 0, 0, 0, 0, 0, 0, 0, 0, 14, 1, 0, 0, 0, 0, 0, 2, 0, 0, 0, 0, 0, 3, 0, 0, 0, 0, 2, 0, 0, 3, 0, 0, 0, 0, 2, 0, 0, 0, 0, 0, 0, 0, 0, 0, 0, 0]
-- INFO     [wevo] -- 
To merge: 50 total: 27 being merged 
 [[], [], [], [], [], [], [], [], [], [], [], [], [], [], [], [], [], [], [], [], [], [], [], [], [], [], [], [], [], [], [], [], [], [], [], [], [], [], [], [22, 18, 21, 2, 34, 14, 28, 29, 31, 10, 26, 20, 37, 4, 35, 0, 5], [], [], [8, 36, 15, 9, 16, 17, 24, 11, 1, 3], [], [], [], [], [], [], []]
Final variation value after 28 wevo cycles:  1102222.1405466576
Bin attrs post WEVO:  <Bin at 0x165ecfd60, label=None, count=50, weight=1>
Total = 50, splitting = 34, merging = 29
Iteration completed successfully
Iteration wallclock: 0:00:00.133596, cputime: 0:00:00


Wed Sep 20 12:08:18 2023
Iteration 5 (50 requested)
Beginning iteration 5
50 segments remain in iteration 5 (50 total)
1 of 1 (100.000000%) active bins are populated
per-bin minimum non-zero probability:       1
per-bin maximum probability:                1
per-bin probability dynamic range (kT):     0
per-segment minimum non-zero probability:   1.5873e-06
per-segment maximum non-zero probability:   0.0994444
per-segment probability dynamic range (kT): 11.0453
norm = 1, error in norm = 0 (0*epsilon)
Waiting for segments to complete...
pcoords [[8.331308 ]
 [8.288939 ]
 [8.372328 ]
 [8.55304  ]
 [8.436773 ]
 [8.7304735]
 [8.644074 ]
 [8.3943815]
 [8.542857 ]
 [8.385719 ]
 [8.279912 ]
 [8.571449 ]
 [8.431491 ]
 [8.40725  ]
 [8.407475 ]
 [8.5969925]
 [8.506928 ]
 [8.463816 ]
 [8.675153 ]
 [8.616097 ]
 [8.487528 ]
 [8.384645 ]
 [9.776023 ]
 [9.881033 ]
 [9.88475  ]
 [9.795697 ]
 [9.965168 ]
 [9.844391 ]
 [9.914555 ]
 [9.645814 ]
 [9.967574 ]
 [9.973759 ]
 [9.993658 ]
 [9.983509 ]
 [9.9489   ]
 [9.986104 ]
 [9.908297 ]
 [9.939433 ]
 [9.941548 ]
 [9.595866 ]
 [9.838095 ]
 [9.538303 ]
 [9.28336  ]
 [9.641146 ]
 [9.891957 ]
 [9.624194 ]
 [9.510951 ]
 [9.729111 ]
 [9.807749 ]
 [9.553571 ]]
weights [1.58730159e-06 1.58730159e-06 1.58730159e-06 1.58730159e-06
 1.58730159e-06 1.58730159e-06 1.58730159e-06 1.58730159e-06
 1.58730159e-06 1.58730159e-06 1.58730159e-06 1.58730159e-06
 1.58730159e-06 1.58730159e-06 1.58730159e-06 7.93650794e-06
 7.93650794e-06 7.93650794e-06 1.19047619e-05 1.19047619e-05
 2.38095238e-05 2.38095238e-05 1.58730159e-04 1.58730159e-04
 1.58730159e-04 1.58730159e-04 1.85185185e-04 1.85185185e-04
 1.85185185e-04 1.85185185e-04 2.46913580e-04 2.46913580e-04
 2.46913580e-04 2.96296296e-04 2.96296296e-04 2.96296296e-04
 6.34920635e-04 6.34920635e-04 7.40740741e-04 6.69841270e-02
 8.00000000e-02 8.00000000e-02 8.88888889e-02 9.06031746e-02
 9.55555556e-02 9.77777778e-02 9.77777778e-02 9.88888889e-02
 9.89444444e-02 9.94444444e-02]
Initial weight sum:  1.0
-- INFO     [wevo] -- distance_matrix
-- INFO     [wevo] -- 
[[0.         0.04236889 0.04101944 ... 1.39780235 1.47644043 1.22226238]
 [0.04236889 0.         0.08338833 ... 1.44017124 1.51880932 1.26463127]
 [0.04101944 0.08338833 0.         ... 1.35678291 1.43542099 1.18124294]
 ...
 [1.39780235 1.44017124 1.35678291 ... 0.         0.07863808 0.17553997]
 [1.47644043 1.51880932 1.43542099 ... 0.07863808 0.         0.25417805]
 [1.22226238 1.26463127 1.18124294 ... 0.17553997 0.25417805 0.        ]]
-- INFO     [wevo] -- Starting variance optimization: 1073615.6216159072
-- INFO     [wevo] -- WEVO ran for 27 cycles
-- INFO     [wevo] -- 
To split: 50 total: 26 being split 
 [1, 7, 0, 0, 0, 0, 0, 0, 0, 0, 10, 0, 0, 0, 0, 0, 0, 0, 0, 0, 0, 0, 0, 0, 0, 0, 0, 0, 0, 0, 0, 0, 3, 2, 0, 2, 0, 0, 0, 0, 0, 0, 0, 0, 1, 0, 0, 0, 0, 0]
-- INFO     [wevo] -- 
To merge: 50 total: 26 being merged 
 [[], [], [], [], [], [], [], [], [], [], [], [], [], [], [], [], [], [], [], [], [], [], [], [], [], [], [], [], [], [], [], [], [], [], [], [], [], [], [], [], [], [], [29, 5, 18, 6, 19, 11, 15, 3, 22, 8, 25, 16, 27, 20, 23, 4, 24, 17, 12, 28, 14, 13, 36, 7, 9, 2], [], [], [], [], [], [], []]
Final variation value after 27 wevo cycles:  1629840.249399432
Bin attrs post WEVO:  <Bin at 0x165ecff20, label=None, count=50, weight=1>
Total = 50, splitting = 33, merging = 27
Iteration completed successfully
Iteration wallclock: 0:00:00.131801, cputime: 0:00:00


Wed Sep 20 12:08:18 2023
Iteration 6 (50 requested)
Beginning iteration 6
50 segments remain in iteration 6 (50 total)
1 of 1 (100.000000%) active bins are populated
per-bin minimum non-zero probability:       1
per-bin maximum probability:                1
per-bin probability dynamic range (kT):     0
per-segment minimum non-zero probability:   1.443e-07
per-segment maximum non-zero probability:   0.0994444
per-segment probability dynamic range (kT): 13.4432
norm = 1, error in norm = 0 (0*epsilon)
Waiting for segments to complete...
pcoords [[8.297985 ]
 [8.459098 ]
 [8.293013 ]
 [8.336607 ]
 [8.349801 ]
 [8.440843 ]
 [8.191913 ]
 [8.177807 ]
 [8.312989 ]
 [8.178114 ]
 [8.279743 ]
 [8.360349 ]
 [8.113298 ]
 [8.051057 ]
 [8.385736 ]
 [8.217177 ]
 [8.094167 ]
 [8.354057 ]
 [8.360289 ]
 [8.423784 ]
 [8.076571 ]
 [8.312127 ]
 [9.992918 ]
 [9.982376 ]
 [9.783831 ]
 [9.894141 ]
 [9.854972 ]
 [9.840193 ]
 [9.867158 ]
 [9.941377 ]
 [9.841741 ]
 [9.972245 ]
 [9.983661 ]
 [9.940666 ]
 [9.8951645]
 [9.939938 ]
 [9.878757 ]
 [9.480626 ]
 [9.980851 ]
 [9.914883 ]
 [9.531644 ]
 [9.703771 ]
 [9.715544 ]
 [9.813365 ]
 [9.094935 ]
 [9.632297 ]
 [9.58943  ]
 [9.781473 ]
 [9.808588 ]
 [9.631434 ]]
weights [1.44300144e-07 1.44300144e-07 1.44300144e-07 1.44300144e-07
 1.44300144e-07 1.44300144e-07 1.44300144e-07 1.44300144e-07
 1.44300144e-07 1.44300144e-07 1.44300144e-07 1.98412698e-07
 1.98412698e-07 1.98412698e-07 1.98412698e-07 1.98412698e-07
 1.98412698e-07 1.98412698e-07 1.98412698e-07 7.93650794e-07
 7.93650794e-07 2.38095238e-05 6.17283951e-05 6.17283951e-05
 6.17283951e-05 6.17283951e-05 9.87654321e-05 9.87654321e-05
 9.87654321e-05 9.87654321e-05 9.87654321e-05 9.87654321e-05
 1.85185185e-04 2.46913580e-04 2.46913580e-04 2.96296296e-04
 6.34920635e-04 7.40740741e-04 4.77777778e-02 4.77777778e-02
 6.69841270e-02 8.00000000e-02 8.00000000e-02 9.06031746e-02
 9.08047619e-02 9.77777778e-02 9.77777778e-02 9.88888889e-02
 9.89444444e-02 9.94444444e-02]
Initial weight sum:  1.0
-- INFO     [wevo] -- distance_matrix
-- INFO     [wevo] -- 
[[0.         0.16111279 0.00497246 ... 1.48348808 1.51060295 1.33344936]
 [0.16111279 0.         0.16608524 ... 1.3223753  1.34949017 1.17233658]
 [0.00497246 0.16608524 0.         ... 1.48846054 1.51557541 1.33842182]
 ...
 [1.48348808 1.3223753  1.48846054 ... 0.         0.02711487 0.15003872]
 [1.51060295 1.34949017 1.51557541 ... 0.02711487 0.         0.17715359]
 [1.33344936 1.17233658 1.33842182 ... 0.15003872 0.17715359 0.        ]]
-- INFO     [wevo] -- Starting variance optimization: 1600992.4473767013
-- INFO     [wevo] -- WEVO ran for 35 cycles
-- INFO     [wevo] -- 
To split: 50 total: 34 being split 
 [0, 0, 0, 0, 0, 0, 0, 0, 0, 0, 0, 0, 0, 7, 0, 0, 1, 0, 0, 0, 11, 0, 0, 0, 0, 0, 0, 0, 0, 0, 0, 0, 0, 0, 0, 0, 0, 0, 15, 0, 0, 0, 0, 0, 0, 0, 0, 0, 0, 0]
-- INFO     [wevo] -- 
To merge: 50 total: 34 being merged 
 [[], [], [], [], [], [], [], [], [], [], [], [], [], [], [], [], [], [], [], [], [], [], [], [], [], [], [], [], [], [], [], [], [], [], [], [], [], [], [], [], [], [], [], [], [37, 1, 5, 19, 14, 24, 11, 18, 4, 17, 3, 8, 27, 0, 30, 2, 26, 10, 28, 25, 15, 36, 21, 34, 6, 29, 9, 33, 7, 35, 31, 23, 22, 32], [], [], [], [], []]
Final variation value after 35 wevo cycles:  2807509.4176832368
Bin attrs post WEVO:  <Bin at 0x165ef1660, label=None, count=50, weight=1>
Total = 50, splitting = 38, merging = 35
Iteration completed successfully
Iteration wallclock: 0:00:00.139728, cputime: 0:00:00


Wed Sep 20 12:08:18 2023
Iteration 7 (50 requested)
Beginning iteration 7
50 segments remain in iteration 7 (50 total)
1 of 1 (100.000000%) active bins are populated
per-bin minimum non-zero probability:       1
per-bin maximum probability:                1
per-bin probability dynamic range (kT):     0
per-segment minimum non-zero probability:   2.48016e-08
per-segment maximum non-zero probability:   0.0994444
per-segment probability dynamic range (kT): 15.2042
norm = 1, error in norm = -2.22045e-16 (-1*epsilon)
Waiting for segments to complete...
pcoords [[8.256194 ]
 [8.003949 ]
 [7.94892  ]
 [7.88845  ]
 [7.9458823]
 [7.9603076]
 [8.041043 ]
 [8.031103 ]
 [8.043039 ]
 [8.14406  ]
 [8.184069 ]
 [8.127303 ]
 [7.8508883]
 [8.0589905]
 [8.054287 ]
 [8.238272 ]
 [8.203123 ]
 [8.077238 ]
 [8.130373 ]
 [8.276751 ]
 [8.045283 ]
 [8.242297 ]
 [7.967542 ]
 [9.871512 ]
 [9.841318 ]
 [9.951887 ]
 [9.909119 ]
 [9.938412 ]
 [9.973525 ]
 [9.879438 ]
 [9.943632 ]
 [9.8558445]
 [9.781919 ]
 [9.9845085]
 [9.970518 ]
 [9.98164  ]
 [9.906085 ]
 [9.85843  ]
 [9.969241 ]
 [9.935537 ]
 [9.530518 ]
 [9.776906 ]
 [9.645143 ]
 [9.610954 ]
 [9.135202 ]
 [9.633266 ]
 [9.615307 ]
 [9.55361  ]
 [9.965688 ]
 [9.382779 ]]
weights [2.48015873e-08 2.48015873e-08 2.48015873e-08 2.48015873e-08
 2.48015873e-08 2.48015873e-08 2.48015873e-08 2.48015873e-08
 6.61375661e-08 6.61375661e-08 6.61375661e-08 6.61375661e-08
 6.61375661e-08 6.61375661e-08 6.61375661e-08 6.61375661e-08
 6.61375661e-08 6.61375661e-08 6.61375661e-08 6.61375661e-08
 9.92063492e-08 9.92063492e-08 1.98412698e-07 2.98611111e-03
 2.98611111e-03 2.98611111e-03 2.98611111e-03 2.98611111e-03
 2.98611111e-03 2.98611111e-03 2.98611111e-03 2.98611111e-03
 2.98611111e-03 2.98611111e-03 2.98611111e-03 2.98611111e-03
 2.98611111e-03 2.98611111e-03 2.98611111e-03 4.77777778e-02
 6.69841270e-02 8.00000000e-02 8.00000000e-02 9.06031746e-02
 9.40224206e-02 9.77777778e-02 9.77777778e-02 9.88888889e-02
 9.89444444e-02 9.94444444e-02]
Initial weight sum:  1.0
-- INFO     [wevo] -- distance_matrix
-- INFO     [wevo] -- 
[[0.         0.25224495 0.30727434 ... 1.29741573 1.70949364 1.12658501]
 [0.25224495 0.         0.05502939 ... 1.54966068 1.96173859 1.37882996]
 [0.30727434 0.05502939 0.         ... 1.60469007 2.01676798 1.43385935]
 ...
 [1.29741573 1.54966068 1.60469007 ... 0.         0.4120779  0.17083073]
 [1.70949364 1.96173859 2.01676798 ... 0.4120779  0.         0.58290863]
 [1.12658501 1.37882996 1.43385935 ... 0.17083073 0.58290863 0.        ]]
-- INFO     [wevo] -- Starting variance optimization: 2531818.343415878
-- INFO     [wevo] -- WEVO ran for 29 cycles
-- INFO     [wevo] -- 
To split: 50 total: 28 being split 
 [0, 0, 0, 2, 0, 0, 0, 0, 0, 0, 0, 0, 15, 0, 0, 0, 0, 0, 0, 0, 0, 0, 1, 0, 0, 0, 0, 0, 0, 0, 0, 0, 0, 0, 0, 0, 0, 0, 0, 0, 0, 0, 0, 0, 0, 0, 0, 0, 10, 0]
-- INFO     [wevo] -- 
To merge: 50 total: 28 being merged 
 [[], [], [], [], [], [], [], [], [], [], [], [], [], [], [], [], [], [], [], [], [], [], [], [], [], [], [], [], [], [], [], [], [], [], [], [], [], [], [], [], [31, 37, 23, 29, 36, 26, 27, 30], [], [], [], [0, 19, 15, 21, 16, 10, 32, 9, 18, 11, 24, 17, 6, 7, 13, 14, 8, 1, 20, 5], [], [], [], [], []]
Final variation value after 29 wevo cycles:  3588339.8951186137
Bin attrs post WEVO:  <Bin at 0x165ef7740, label=None, count=50, weight=1>
Total = 50, splitting = 32, merging = 30
Iteration completed successfully
Iteration wallclock: 0:00:00.134675, cputime: 0:00:00


Wed Sep 20 12:08:19 2023
Iteration 8 (50 requested)
Beginning iteration 8
50 segments remain in iteration 8 (50 total)
1 of 1 (100.000000%) active bins are populated
per-bin minimum non-zero probability:       1
per-bin maximum probability:                1
per-bin probability dynamic range (kT):     0
per-segment minimum non-zero probability:   4.1336e-09
per-segment maximum non-zero probability:   0.0999957
per-segment probability dynamic range (kT): 17.0015
norm = 1, error in norm = 0 (0*epsilon)
Waiting for segments to complete...
pcoords [[7.828167 ]
 [7.736948 ]
 [7.920983 ]
 [7.869153 ]
 [7.819307 ]
 [7.8856554]
 [7.636574 ]
 [7.706911 ]
 [7.9452643]
 [7.7517695]
 [7.806442 ]
 [8.132109 ]
 [7.742273 ]
 [8.196851 ]
 [7.7958517]
 [7.857801 ]
 [7.908511 ]
 [8.038351 ]
 [7.8027997]
 [7.839061 ]
 [7.854079 ]
 [7.8812613]
 [7.998345 ]
 [9.926074 ]
 [9.7685995]
 [9.719801 ]
 [9.934867 ]
 [9.990756 ]
 [9.957151 ]
 [9.800227 ]
 [9.896276 ]
 [9.903486 ]
 [9.935544 ]
 [9.811701 ]
 [9.978435 ]
 [9.819549 ]
 [9.828988 ]
 [9.901209 ]
 [9.745417 ]
 [9.864786 ]
 [9.956402 ]
 [9.707972 ]
 [9.789926 ]
 [9.415947 ]
 [9.55968  ]
 [9.521565 ]
 [9.680654 ]
 [9.489036 ]
 [9.437754 ]
 [9.228172 ]]
weights [4.13359788e-09 4.13359788e-09 4.13359788e-09 4.13359788e-09
 4.13359788e-09 4.13359788e-09 4.13359788e-09 4.13359788e-09
 4.13359788e-09 4.13359788e-09 4.13359788e-09 4.13359788e-09
 4.13359788e-09 4.13359788e-09 4.13359788e-09 4.13359788e-09
 8.26719577e-09 8.26719577e-09 8.26719577e-09 2.48015873e-08
 2.48015873e-08 9.92063492e-08 9.92063492e-08 2.98611111e-03
 2.98611111e-03 2.98611111e-03 2.98611111e-03 2.98611111e-03
 2.98611111e-03 8.99494949e-03 8.99494949e-03 8.99494949e-03
 8.99494949e-03 8.99494949e-03 8.99494949e-03 8.99494949e-03
 8.99494949e-03 8.99494949e-03 8.99494949e-03 8.99494949e-03
 4.77777778e-02 8.00000000e-02 8.00000000e-02 9.06031746e-02
 9.08730159e-02 9.77777778e-02 9.77777778e-02 9.88888889e-02
 9.94444444e-02 9.99956928e-02]
Initial weight sum:  1.0
-- INFO     [wevo] -- distance_matrix
-- INFO     [wevo] -- 
[[0.         0.09121895 0.09281588 ... 1.66086864 1.60958672 1.40000534]
 [0.09121895 0.         0.18403482 ... 1.75208759 1.70080566 1.49122429]
 [0.09281588 0.18403482 0.         ... 1.56805277 1.51677084 1.30718946]
 ...
 [1.66086864 1.75208759 1.56805277 ... 0.         0.05128193 0.2608633 ]
 [1.60958672 1.70080566 1.51677084 ... 0.05128193 0.         0.20958138]
 [1.40000534 1.49122429 1.30718946 ... 0.2608633  0.20958138 0.        ]]
-- INFO     [wevo] -- Starting variance optimization: 3241636.011061991
-- INFO     [wevo] -- WEVO ran for 26 cycles
-- INFO     [wevo] -- 
To split: 50 total: 25 being split 
 [0, 1, 0, 0, 0, 0, 10, 2, 0, 0, 0, 0, 1, 0, 0, 0, 0, 0, 0, 0, 0, 0, 0, 0, 0, 0, 0, 2, 0, 0, 0, 0, 0, 0, 3, 0, 0, 0, 0, 0, 6, 0, 0, 0, 0, 0, 0, 0, 0, 0]
-- INFO     [wevo] -- 
To merge: 50 total: 25 being merged 
 [[], [], [], [], [], [], [], [], [], [], [], [], [], [], [], [], [], [], [], [], [], [], [], [], [], [], [], [], [], [], [], [], [], [], [], [], [], [], [], [30, 37, 31], [], [29, 33], [35, 36], [25, 24, 23], [38], [], [], [], [], [13, 11, 17, 8, 2, 22, 5, 16, 3, 15, 0, 4, 10, 14]]
Final variation value after 26 wevo cycles:  4210653.0543897655
Bin attrs post WEVO:  <Bin at 0x165f44900, label=None, count=50, weight=1>
Total = 50, splitting = 32, merging = 31
Iteration completed successfully
Iteration wallclock: 0:00:00.129785, cputime: 0:00:00


Wed Sep 20 12:08:19 2023
Iteration 9 (50 requested)
Beginning iteration 9
50 segments remain in iteration 9 (50 total)
1 of 1 (100.000000%) active bins are populated
per-bin minimum non-zero probability:       1
per-bin maximum probability:                1
per-bin probability dynamic range (kT):     0
per-segment minimum non-zero probability:   3.75782e-10
per-segment maximum non-zero probability:   0.0999959
per-segment probability dynamic range (kT): 19.3994
norm = 1, error in norm = 0 (0*epsilon)
Waiting for segments to complete...
pcoords [[7.676167 ]
 [7.8609953]
 [7.617228 ]
 [7.8014255]
 [7.456751 ]
 [7.5167994]
 [7.4672256]
 [7.67699  ]
 [7.4728794]
 [7.396782 ]
 [7.309622 ]
 [7.9724774]
 [7.779962 ]
 [7.7480097]
 [7.934045 ]
 [7.6726646]
 [7.6937213]
 [7.6883473]
 [7.6448116]
 [7.70434  ]
 [7.875824 ]
 [7.8010006]
 [7.7867837]
 [9.934528 ]
 [9.967113 ]
 [9.891542 ]
 [9.9982815]
 [9.875818 ]
 [9.862826 ]
 [9.822855 ]
 [9.9786415]
 [9.960012 ]
 [9.734549 ]
 [9.865491 ]
 [9.907974 ]
 [9.956653 ]
 [9.976803 ]
 [9.925144 ]
 [9.8363695]
 [9.922793 ]
 [9.724768 ]
 [9.576141 ]
 [9.495472 ]
 [9.935172 ]
 [9.537951 ]
 [9.604574 ]
 [9.47817  ]
 [9.492535 ]
 [9.578883 ]
 [9.320704 ]]
weights [3.75781626e-10 3.75781626e-10 3.75781626e-10 3.75781626e-10
 3.75781626e-10 3.75781626e-10 3.75781626e-10 3.75781626e-10
 3.75781626e-10 3.75781626e-10 3.75781626e-10 1.37786596e-09
 1.37786596e-09 1.37786596e-09 2.06679894e-09 2.06679894e-09
 2.06679894e-09 2.06679894e-09 4.13359788e-09 8.26719577e-09
 2.48015873e-08 2.48015873e-08 9.92063492e-08 9.95370370e-04
 9.95370370e-04 9.95370370e-04 2.24873737e-03 2.24873737e-03
 2.24873737e-03 2.24873737e-03 2.98611111e-03 2.98611111e-03
 6.82539683e-03 6.82539683e-03 6.82539683e-03 6.82539683e-03
 6.82539683e-03 6.82539683e-03 6.82539683e-03 8.99494949e-03
 3.59797980e-02 9.77777778e-02 9.77777778e-02 9.79898990e-02
 9.79898990e-02 9.88888889e-02 9.94444444e-02 9.95615079e-02
 9.98679654e-02 9.99958540e-02]
Initial weight sum:  1.0
-- INFO     [wevo] -- distance_matrix
-- INFO     [wevo] -- 
[[0.         0.18482828 0.05893898 ... 1.81636763 1.90271616 1.64453745]
 [0.18482828 0.         0.24376726 ... 1.63153934 1.71788788 1.45970917]
 [0.05893898 0.24376726 0.         ... 1.87530661 1.96165514 1.70347643]
 ...
 [1.81636763 1.63153934 1.87530661 ... 0.         0.08634853 0.17183018]
 [1.90271616 1.71788788 1.96165514 ... 0.08634853 0.         0.25817871]
 [1.64453745 1.45970917 1.70347643 ... 0.17183018 0.25817871 0.        ]]
-- INFO     [wevo] -- Starting variance optimization: 4228740.168666074
-- INFO     [wevo] -- WEVO ran for 22 cycles
-- INFO     [wevo] -- 
To split: 50 total: 21 being split 
 [0, 0, 0, 0, 1, 0, 0, 0, 0, 3, 10, 0, 0, 0, 0, 0, 0, 0, 0, 0, 0, 0, 0, 0, 0, 0, 1, 0, 0, 0, 0, 0, 0, 0, 0, 0, 2, 0, 0, 0, 0, 0, 0, 4, 0, 0, 0, 0, 0, 0]
-- INFO     [wevo] -- 
To merge: 50 total: 21 being merged 
 [[], [], [], [], [], [], [], [], [], [], [], [], [], [], [], [], [], [], [], [], [], [], [], [], [], [], [], [], [], [], [], [], [], [], [], [], [], [], [], [], [32, 29, 38, 28, 27, 33], [], [25], [], [], [], [], [], [], [11, 14, 1, 3, 12, 20, 13, 7, 0, 21, 2, 16, 17, 15]]
Final variation value after 22 wevo cycles:  5511957.239060188
Bin attrs post WEVO:  <Bin at 0x165f449e0, label=None, count=50, weight=1>
Total = 50, splitting = 27, merging = 24
Iteration completed successfully
Iteration wallclock: 0:00:00.123862, cputime: 0:00:00


Wed Sep 20 12:08:19 2023
Iteration 10 (50 requested)
Beginning iteration 10
50 segments remain in iteration 10 (50 total)
1 of 1 (100.000000%) active bins are populated
per-bin minimum non-zero probability:       1
per-bin maximum probability:                1
per-bin probability dynamic range (kT):     0
per-segment minimum non-zero probability:   3.4162e-11
per-segment maximum non-zero probability:   0.0999959
per-segment probability dynamic range (kT): 21.7973
norm = 1, error in norm = 0 (0*epsilon)
Waiting for segments to complete...
pcoords [[7.196089 ]
 [7.145826 ]
 [7.401085 ]
 [7.3307714]
 [6.9844713]
 [7.256682 ]
 [7.2139363]
 [7.5224695]
 [7.410117 ]
 [7.4815726]
 [7.3915825]
 [7.2073374]
 [7.4214   ]
 [7.3068037]
 [7.375357 ]
 [7.526299 ]
 [7.1984477]
 [7.6922164]
 [7.531829 ]
 [7.1689277]
 [7.7637057]
 [7.749099 ]
 [7.6161246]
 [9.731457 ]
 [9.975057 ]
 [9.7216625]
 [9.956859 ]
 [9.95537  ]
 [9.955089 ]
 [9.840557 ]
 [9.961534 ]
 [9.808145 ]
 [9.815469 ]
 [9.886869 ]
 [9.911048 ]
 [9.7987385]
 [9.858661 ]
 [9.940909 ]
 [9.8616085]
 [9.963949 ]
 [9.786175 ]
 [9.633205 ]
 [9.490941 ]
 [9.613952 ]
 [9.324986 ]
 [9.580192 ]
 [9.607805 ]
 [9.696022 ]
 [9.489733 ]
 [9.221602 ]]
weights [3.41619660e-11 3.41619660e-11 3.41619660e-11 3.41619660e-11
 3.41619660e-11 3.41619660e-11 3.41619660e-11 3.41619660e-11
 3.41619660e-11 3.41619660e-11 3.41619660e-11 9.39454064e-11
 9.39454064e-11 9.39454064e-11 9.39454064e-11 1.87890813e-10
 1.87890813e-10 3.75781626e-10 3.75781626e-10 3.75781626e-10
 4.13359788e-09 8.26719577e-09 9.92063492e-08 9.95370370e-04
 9.95370370e-04 1.12436869e-03 1.12436869e-03 2.27513228e-03
 2.27513228e-03 2.27513228e-03 2.98611111e-03 2.98611111e-03
 6.82539683e-03 6.82539683e-03 6.82539683e-03 8.99494949e-03
 1.95979798e-02 1.95979798e-02 1.95979798e-02 1.95979798e-02
 1.95979798e-02 6.32022006e-02 9.77777778e-02 9.79898990e-02
 9.87731481e-02 9.88888889e-02 9.94444444e-02 9.95615079e-02
 9.98679654e-02 9.99959179e-02]
Initial weight sum:  1.0
-- INFO     [wevo] -- distance_matrix
-- INFO     [wevo] -- 
[[0.         0.05026293 0.20499611 ... 2.49993324 2.29364395 2.02551365]
 [0.05026293 0.         0.25525904 ... 2.55019617 2.34390688 2.07577658]
 [0.20499611 0.25525904 0.         ... 2.29493713 2.08864784 1.82051754]
 ...
 [2.49993324 2.55019617 2.29493713 ... 0.         0.20628929 0.47441959]
 [2.29364395 2.34390688 2.08864784 ... 0.20628929 0.         0.2681303 ]
 [2.02551365 2.07577658 1.82051754 ... 0.47441959 0.2681303  0.        ]]
-- INFO     [wevo] -- Starting variance optimization: 5363299.975048077
-- INFO     [wevo] -- WEVO ran for 21 cycles
-- INFO     [wevo] -- 
To split: 50 total: 20 being split 
 [0, 0, 0, 0, 4, 0, 0, 0, 0, 0, 0, 1, 0, 0, 0, 0, 2, 0, 0, 7, 0, 0, 0, 0, 0, 0, 0, 0, 0, 0, 0, 0, 0, 0, 0, 0, 0, 2, 0, 4, 0, 0, 0, 0, 0, 0, 0, 0, 0, 0]
-- INFO     [wevo] -- 
To merge: 50 total: 20 being merged 
 [[], [], [], [], [], [], [], [], [], [], [], [], [], [], [], [], [], [], [], [], [], [], [], [], [], [], [], [], [], [], [], [], [], [], [], [], [], [], [], [], [], [40, 31, 35, 29], [23], [], [25], [], [], [], [], [17, 7, 20, 9, 21, 15, 8, 2, 10, 18, 12, 3, 14, 5]]
Final variation value after 21 wevo cycles:  6962506.471176933
Bin attrs post WEVO:  <Bin at 0x165f072e0, label=None, count=50, weight=1>
Total = 50, splitting = 26, merging = 24
Iteration completed successfully
Iteration wallclock: 0:00:00.120565, cputime: 0:00:00


Wed Sep 20 12:08:19 2023
Iteration 11 (50 requested)
Beginning iteration 11
50 segments remain in iteration 11 (50 total)
1 of 1 (100.000000%) active bins are populated
per-bin minimum non-zero probability:       1
per-bin maximum probability:                1
per-bin probability dynamic range (kT):     0
per-segment minimum non-zero probability:   6.83239e-12
per-segment maximum non-zero probability:   0.0999959
per-segment probability dynamic range (kT): 23.4067
norm = 1, error in norm = 0 (0*epsilon)
Waiting for segments to complete...
pcoords [[6.691651 ]
 [6.6354647]
 [7.092959 ]
 [7.0606227]
 [6.8548117]
 [6.8207836]
 [7.429604 ]
 [7.0581617]
 [7.2032757]
 [7.1630177]
 [7.0720577]
 [7.1189885]
 [7.024987 ]
 [7.420587 ]
 [7.2080564]
 [6.996822 ]
 [7.289559 ]
 [7.248392 ]
 [7.0850825]
 [7.3909883]
 [7.16034  ]
 [7.2330923]
 [7.789475 ]
 [9.994608 ]
 [9.788737 ]
 [9.870975 ]
 [9.75345  ]
 [9.975725 ]
 [9.701248 ]
 [9.888077 ]
 [9.945757 ]
 [9.857085 ]
 [9.972388 ]
 [9.97436  ]
 [9.956008 ]
 [9.939571 ]
 [9.571881 ]
 [9.957459 ]
 [9.872367 ]
 [9.764892 ]
 [9.831092 ]
 [9.926339 ]
 [9.481533 ]
 [9.367357 ]
 [9.629537 ]
 [9.90532  ]
 [9.883083 ]
 [9.472633 ]
 [9.344508 ]
 [9.230068 ]]
weights [6.83239320e-12 6.83239320e-12 6.83239320e-12 6.83239320e-12
 6.83239320e-12 3.41619660e-11 3.41619660e-11 3.41619660e-11
 4.69727032e-11 4.69727032e-11 4.69727032e-11 4.69727032e-11
 4.69727032e-11 4.69727032e-11 4.69727032e-11 4.69727032e-11
 4.69727032e-11 4.69727032e-11 6.26302710e-11 6.26302710e-11
 6.26302710e-11 9.39454064e-11 9.92063492e-08 9.95370370e-04
 1.12436869e-03 2.27513228e-03 2.27513228e-03 2.98611111e-03
 3.91959596e-03 3.91959596e-03 3.91959596e-03 3.91959596e-03
 3.91959596e-03 6.53265993e-03 6.53265993e-03 6.53265993e-03
 6.82539683e-03 6.82539683e-03 6.82539683e-03 1.95979798e-02
 1.95979798e-02 9.70563733e-02 9.79898990e-02 9.87731481e-02
 9.88888889e-02 9.94444444e-02 9.95615079e-02 9.98679654e-02
 9.98975168e-02 9.99959317e-02]
Initial weight sum:  1.0
-- INFO     [wevo] -- distance_matrix
-- INFO     [wevo] -- 
[[0.         0.0561862  0.40130806 ... 2.78098249 2.6528573  2.53841734]
 [0.0561862  0.         0.45749426 ... 2.83716869 2.7090435  2.59460354]
 [0.40130806 0.45749426 0.         ... 2.37967443 2.25154924 2.13710928]
 ...
 [2.78098249 2.83716869 2.37967443 ... 0.         0.12812519 0.24256516]
 [2.6528573  2.7090435  2.25154924 ... 0.12812519 0.         0.11443996]
 [2.53841734 2.59460354 2.13710928 ... 0.24256516 0.11443996 0.        ]]
-- INFO     [wevo] -- Starting variance optimization: 7249247.774062418
-- INFO     [wevo] -- WEVO ran for 16 cycles
-- INFO     [wevo] -- 
To split: 50 total: 15 being split 
 [2, 3, 0, 0, 0, 5, 0, 0, 0, 0, 0, 0, 0, 0, 0, 1, 0, 0, 0, 0, 0, 0, 0, 0, 0, 0, 0, 0, 0, 0, 0, 0, 0, 1, 0, 0, 0, 0, 0, 0, 0, 2, 0, 0, 0, 1, 0, 0, 0, 0]
-- INFO     [wevo] -- 
To merge: 50 total: 15 being merged 
 [[], [], [], [], [], [], [], [], [], [], [], [], [], [], [], [], [], [], [], [], [], [], [], [], [], [], [], [], [], [], [], [], [], [], [], [], [], [], [], [36, 22, 19, 28, 26], [], [], [], [24], [], [], [], [], [], [6, 13, 16, 2, 17, 3, 14, 8, 21]]
Final variation value after 16 wevo cycles:  8764807.102359943
Bin attrs post WEVO:  <Bin at 0x165f07660, label=None, count=50, weight=1>
Total = 50, splitting = 22, merging = 18
Iteration completed successfully
Iteration wallclock: 0:00:00.109547, cputime: 0:00:00


Wed Sep 20 12:08:19 2023
Iteration 12 (50 requested)
Beginning iteration 12
50 segments remain in iteration 12 (50 total)
1 of 1 (100.000000%) active bins are populated
per-bin minimum non-zero probability:       1
per-bin maximum probability:                1
per-bin probability dynamic range (kT):     0
per-segment minimum non-zero probability:   1.7081e-12
per-segment maximum non-zero probability:   0.0999959
per-segment probability dynamic range (kT): 24.793
norm = 1, error in norm = 0 (0*epsilon)
Waiting for segments to complete...
pcoords [[6.6661925]
 [6.638037 ]
 [6.4741945]
 [6.7108397]
 [6.3715625]
 [7.005635 ]
 [6.7653027]
 [6.9253554]
 [6.710016 ]
 [6.9077287]
 [6.874387 ]
 [6.8100414]
 [6.674477 ]
 [6.7132277]
 [7.2676826]
 [7.138699 ]
 [6.8616867]
 [6.9303894]
 [7.132558 ]
 [7.156773 ]
 [6.9830046]
 [7.128943 ]
 [7.064827 ]
 [9.87315  ]
 [9.926876 ]
 [9.883407 ]
 [9.886855 ]
 [9.836546 ]
 [9.878456 ]
 [9.906803 ]
 [9.975172 ]
 [9.969723 ]
 [9.908055 ]
 [9.835997 ]
 [9.789092 ]
 [9.85894  ]
 [9.733089 ]
 [9.916406 ]
 [9.942642 ]
 [9.815622 ]
 [9.483341 ]
 [9.977387 ]
 [9.804881 ]
 [9.418821 ]
 [9.56903  ]
 [9.921275 ]
 [9.364638 ]
 [9.350567 ]
 [9.446227 ]
 [9.232831 ]]
weights [1.70809830e-12 1.70809830e-12 1.70809830e-12 1.70809830e-12
 2.27746440e-12 2.27746440e-12 2.27746440e-12 5.69366100e-12
 5.69366100e-12 5.69366100e-12 5.69366100e-12 5.69366100e-12
 5.69366100e-12 6.83239320e-12 2.34863516e-11 2.34863516e-11
 3.41619660e-11 4.69727032e-11 4.69727032e-11 4.69727032e-11
 4.69727032e-11 6.26302710e-11 6.26302710e-11 9.95370370e-04
 2.27513228e-03 2.98611111e-03 3.26632997e-03 3.26632997e-03
 3.91959596e-03 3.91959596e-03 3.91959596e-03 3.91959596e-03
 6.53265993e-03 6.53265993e-03 6.82539683e-03 6.82539683e-03
 1.95979798e-02 3.23521244e-02 3.23521244e-02 3.23521244e-02
 3.26182041e-02 4.97222222e-02 4.97222222e-02 9.79898990e-02
 9.88888889e-02 9.95615079e-02 9.98679654e-02 9.98975168e-02
 9.98975168e-02 9.99959320e-02]
Initial weight sum:  1.0
-- INFO     [wevo] -- distance_matrix
-- INFO     [wevo] -- 
[[0.         0.02815533 0.191998   ... 2.68437433 2.78003454 2.56663847]
 [0.02815533 0.         0.16384268 ... 2.71252966 2.80818987 2.5947938 ]
 [0.191998   0.16384268 0.         ... 2.87637234 2.97203255 2.75863647]
 ...
 [2.68437433 2.71252966 2.87637234 ... 0.         0.09566021 0.11773586]
 [2.78003454 2.80818987 2.97203255 ... 0.09566021 0.         0.21339607]
 [2.56663847 2.5947938  2.75863647 ... 0.11773586 0.21339607 0.        ]]
-- INFO     [wevo] -- Starting variance optimization: 8428446.64616478
-- INFO     [wevo] -- WEVO ran for 15 cycles
-- INFO     [wevo] -- 
To split: 50 total: 14 being split 
