Updating system with the options from the configuration file
Maximum wallclock time: 1:00:00

Tue Aug 23 12:31:07 2022
Iteration 1 (50 requested)
Beginning iteration 1
50 segments remain in iteration 1 (50 total)
1 of 1 (100.000000%) active bins are populated
per-bin minimum non-zero probability:       1
per-bin maximum probability:                1
per-bin probability dynamic range (kT):     0
per-segment minimum non-zero probability:   0.02
per-segment maximum non-zero probability:   0.02
per-segment probability dynamic range (kT): 0
norm = 1, error in norm = 0 (0*epsilon)
Waiting for segments to complete...
pcoords [9.584933  9.4345045 9.488482  9.244069  9.620798  9.302634  9.535852
 9.638166  9.295977  9.591827  9.576513  9.583315  9.46242   9.650454
 9.383752  9.547927  9.814301  9.396325  9.371966  9.354514  9.384195
 9.441866  9.693078  9.492602  9.634037  9.497805  9.383553  9.438844
 9.427958  9.672562  9.217021  9.394893  9.522896  9.497319  9.450159
 9.482211  9.408418  9.308529  9.4646    9.8090725 9.262498  9.3128
 9.428593  9.561362  9.546554  9.607404  9.352168  9.261032  9.607189
 9.656014 ]
weights [0.02 0.02 0.02 0.02 0.02 0.02 0.02 0.02 0.02 0.02 0.02 0.02 0.02 0.02
 0.02 0.02 0.02 0.02 0.02 0.02 0.02 0.02 0.02 0.02 0.02 0.02 0.02 0.02
 0.02 0.02 0.02 0.02 0.02 0.02 0.02 0.02 0.02 0.02 0.02 0.02 0.02 0.02
 0.02 0.02 0.02 0.02 0.02 0.02 0.02 0.02]
Initial weight sum:  1.0
-- INFO     [wevo] -- distance_matrix
-- INFO     [wevo] -- 
[[0.         0.15042877 0.09645081 ... 0.32390118 0.0222559  0.07108116]
 [0.15042877 0.         0.05397797 ... 0.1734724  0.17268467 0.22150993]
 [0.09645081 0.05397797 0.         ... 0.22745037 0.1187067  0.16753197]
 ...
 [0.32390118 0.1734724  0.22745037 ... 0.         0.34615707 0.39498234]
 [0.0222559  0.17268467 0.1187067  ... 0.34615707 0.         0.04882526]
 [0.07108116 0.22150993 0.16753197 ... 0.39498234 0.04882526 0.        ]]
-- INFO     [wevo] -- Starting variance optimization: 4254.182245970306
-- INFO     [wevo] -- WEVO ran for 36 cycles
-- INFO     [wevo] -- 
To split: 50 total: 35 being split 
 [0, 0, 0, 0, 0, 0, 0, 0, 0, 0, 0, 0, 0, 0, 0, 0, 13, 0, 0, 0, 0, 0, 0, 0, 0, 0, 0, 0, 0, 0, 17, 0, 0, 0, 0, 0, 0, 0, 0, 5, 0, 0, 0, 0, 0, 0, 0, 0, 0, 0]
-- INFO     [wevo] -- 
To merge: 50 total: 35 being merged 
 [[], [], [], [], [], [], [32, 33, 25], [4, 36, 24], [37, 41, 5], [], [43, 35, 11], [], [], [], [], [], [], [], [], [], [17, 31, 13], [], [], [], [], [], [14, 49, 18], [], [], [19, 46, 22], [], [], [], [], [21, 27, 1], [], [], [], [12, 0, 9], [], [47, 3], [], [28, 48, 45], [], [15, 2, 23], [], [], [], [], []]
Final variation value after 36 wevo cycles:  36337.608274596416
Bin attrs post WEVO:  <Bin at 0x1638be3c0, label=None, count=50, weight=1>
Total = 50, splitting = 38, merging = 47
Iteration completed successfully
Iteration wallclock: 0:00:00.151183, cputime: 0:00:00


Tue Aug 23 12:31:07 2022
Iteration 2 (50 requested)
Beginning iteration 2
50 segments remain in iteration 2 (50 total)
1 of 1 (100.000000%) active bins are populated
per-bin minimum non-zero probability:       1
per-bin maximum probability:                1
per-bin probability dynamic range (kT):     0
per-segment minimum non-zero probability:   0.00111111
per-segment maximum non-zero probability:   0.08
per-segment probability dynamic range (kT): 4.27667
norm = 1, error in norm = 0 (0*epsilon)
Waiting for segments to complete...
pcoords [9.44721   9.296749  9.195496  9.213576  9.080573  8.829431  9.236007
 9.174097  9.211534  9.261833  9.216027  9.213018  8.974778  9.158688
 9.096857  9.222636  9.31141   9.192107  9.7711    9.913272  9.752902
 9.829234  9.958984  9.851484  9.707238  9.725351  9.839432  9.789143
 9.99321   9.852675  9.821259  9.932531  9.769301  9.8885765 9.704327
 9.903419  9.905681  9.985851  9.455368  9.50255   9.414142  9.488779
 9.51181   9.367505  9.657841  9.239032  9.285007  9.18607   9.761156
 9.34956  ]
weights [0.00111111 0.00111111 0.00111111 0.00111111 0.00111111 0.00111111
 0.00111111 0.00111111 0.00111111 0.00111111 0.00111111 0.00111111
 0.00111111 0.00111111 0.00111111 0.00111111 0.00111111 0.00111111
 0.00142857 0.00142857 0.00142857 0.00142857 0.00142857 0.00142857
 0.00142857 0.00142857 0.00142857 0.00142857 0.00142857 0.00142857
 0.00142857 0.00142857 0.00333333 0.00333333 0.00333333 0.00333333
 0.00333333 0.00333333 0.06       0.08       0.08       0.08
 0.08       0.08       0.08       0.08       0.08       0.08
 0.08       0.08      ]
Initial weight sum:  1.0
-- INFO     [wevo] -- distance_matrix
-- INFO     [wevo] -- 
[[0.         0.1504612  0.25171471 ... 0.26113987 0.31394577 0.09765053]
 [0.1504612  0.         0.10125351 ... 0.11067867 0.46440697 0.05281067]
 [0.25171471 0.10125351 0.         ... 0.00942516 0.56566048 0.15406418]
 ...
 [0.26113987 0.11067867 0.00942516 ... 0.         0.57508564 0.16348934]
 [0.31394577 0.46440697 0.56566048 ... 0.57508564 0.         0.4115963 ]
 [0.09765053 0.05281067 0.15406418 ... 0.16348934 0.4115963  0.        ]]
-- INFO     [wevo] -- Starting variance optimization: 78924.46359792497
-- INFO     [wevo] -- WEVO ran for 36 cycles
-- INFO     [wevo] -- 
To split: 50 total: 35 being split 
 [0, 0, 0, 0, 0, 19, 0, 0, 0, 0, 0, 0, 0, 0, 0, 0, 0, 0, 0, 0, 0, 0, 0, 0, 0, 0, 0, 0, 7, 0, 0, 0, 0, 0, 0, 0, 0, 9, 0, 0, 0, 0, 0, 0, 0, 0, 0, 0, 0, 0]
-- INFO     [wevo] -- 
To merge: 50 total: 35 being merged 
 [[], [], [], [], [], [], [], [], [], [], [], [], [], [], [], [], [], [], [], [], [], [], [], [], [], [], [], [], [], [], [], [], [], [], [], [], [], [], [16, 1, 9, 6, 15, 10, 3, 11, 8, 2, 17, 7, 13, 24, 34, 25, 32, 19], [0, 36], [14, 4, 18, 26], [21, 33], [35], [20, 30, 23, 22], [], [], [31], [], [], [27, 12, 29]]
Final variation value after 36 wevo cycles:  403152.62553178344
Bin attrs post WEVO:  <Bin at 0x1638beac0, label=None, count=50, weight=1>
Total = 50, splitting = 38, merging = 43
Iteration completed successfully
Iteration wallclock: 0:00:00.142914, cputime: 0:00:00


Tue Aug 23 12:31:07 2022
Iteration 3 (50 requested)
Beginning iteration 3
50 segments remain in iteration 3 (50 total)
1 of 1 (100.000000%) active bins are populated
per-bin minimum non-zero probability:       1
per-bin maximum probability:                1
per-bin probability dynamic range (kT):     0
per-segment minimum non-zero probability:   5.55556e-05
per-segment maximum non-zero probability:   0.0857143
per-segment probability dynamic range (kT): 7.34139
norm = 1, error in norm = 0 (0*epsilon)
Waiting for segments to complete...
pcoords [9.092478  8.500763  8.660463  8.714979  8.973274  8.8465805 8.703137
 8.987565  9.001423  8.623411  8.898628  8.974467  8.987127  8.808988
 8.839054  8.889635  8.767307  8.538952  8.927686  8.951152  9.922039
 9.854092  9.85038   9.82306   9.820525  9.9151945 9.820905  9.909866
 9.809645  9.899612  9.885688  9.984315  9.908756  9.893534  9.905865
 9.892579  9.872475  9.983542  9.81004   9.293677  9.242141  9.685148
 9.1631975 9.4958725 9.385325  9.669913  9.495646  9.21612   9.806114
 9.286508 ]
weights [5.55555556e-05 5.55555556e-05 5.55555556e-05 5.55555556e-05
 5.55555556e-05 5.55555556e-05 5.55555556e-05 5.55555556e-05
 5.55555556e-05 5.55555556e-05 5.55555556e-05 5.55555556e-05
 5.55555556e-05 5.55555556e-05 5.55555556e-05 5.55555556e-05
 5.55555556e-05 5.55555556e-05 5.55555556e-05 5.55555556e-05
 1.78571429e-04 1.78571429e-04 1.78571429e-04 1.78571429e-04
 1.78571429e-04 1.78571429e-04 1.78571429e-04 1.78571429e-04
 3.33333333e-04 3.33333333e-04 3.33333333e-04 3.33333333e-04
 3.33333333e-04 3.33333333e-04 3.33333333e-04 3.33333333e-04
 3.33333333e-04 3.33333333e-04 8.00000000e-02 8.00000000e-02
 8.00000000e-02 8.00000000e-02 8.14285714e-02 8.33333333e-02
 8.39682540e-02 8.44444444e-02 8.47619048e-02 8.50793651e-02
 8.53968254e-02 8.57142857e-02]
Initial weight sum:  1.0
-- INFO     [wevo] -- distance_matrix
-- INFO     [wevo] -- 
[[0.         0.59171486 0.43201447 ... 0.12364197 0.7136364  0.19402981]
 [0.59171486 0.         0.15970039 ... 0.71535683 1.30535126 0.78574467]
 [0.43201447 0.15970039 0.         ... 0.55565643 1.14565086 0.62604427]
 ...
 [0.12364197 0.71535683 0.55565643 ... 0.         0.58999443 0.07038784]
 [0.7136364  1.30535126 1.14565086 ... 0.58999443 0.         0.51960659]
 [0.19402981 0.78574467 0.62604427 ... 0.07038784 0.51960659 0.        ]]
-- INFO     [wevo] -- Starting variance optimization: 349612.2646034729
-- INFO     [wevo] -- WEVO ran for 35 cycles
-- INFO     [wevo] -- 
To split: 50 total: 34 being split 
 [0, 18, 0, 0, 0, 0, 0, 0, 0, 0, 0, 0, 0, 0, 0, 0, 0, 1, 0, 0, 0, 0, 0, 0, 0, 0, 0, 0, 0, 0, 0, 8, 0, 0, 0, 0, 0, 7, 0, 0, 0, 0, 0, 0, 0, 0, 0, 0, 0, 0]
-- INFO     [wevo] -- 
To merge: 50 total: 34 being merged 
 [[], [], [], [], [], [], [], [], [], [], [], [], [], [], [], [], [], [], [], [], [], [], [], [], [], [], [], [], [], [], [], [], [], [], [], [], [], [], [], [0, 8, 7, 12, 11, 4, 19, 18, 2, 22, 36, 30, 33, 34, 32], [10, 15, 5, 14, 13, 16, 3, 28, 6, 24, 26, 23, 21, 9, 35, 29, 27, 25, 20], [], [], [], [], [], [], [], [], []]
Final variation value after 35 wevo cycles:  933492.7941419475
Bin attrs post WEVO:  <Bin at 0x163820740, label=None, count=50, weight=1>
Total = 50, splitting = 38, merging = 36
Iteration completed successfully
Iteration wallclock: 0:00:00.142199, cputime: 0:00:00


Tue Aug 23 12:31:07 2022
Iteration 4 (50 requested)
Beginning iteration 4
50 segments remain in iteration 4 (50 total)
1 of 1 (100.000000%) active bins are populated
per-bin minimum non-zero probability:       1
per-bin maximum probability:                1
per-bin probability dynamic range (kT):     0
per-segment minimum non-zero probability:   2.92398e-06
per-segment maximum non-zero probability:   0.0857143
per-segment probability dynamic range (kT): 10.2858
norm = 1, error in norm = 0 (0*epsilon)
Waiting for segments to complete...
pcoords [8.590812  8.239572  8.530323  8.300892  8.5269    8.301386  8.374707
 8.645694  8.7546625 8.492202  8.80982   8.501853  8.784354  8.287159
 8.66237   8.51906   8.559895  8.398792  8.665778  8.310306  8.549661
 9.970564  9.837941  9.908191  9.962674  9.575371  9.993725  9.7547245
 9.847144  9.890223  9.886869  9.927174  9.577419  9.843844  9.983318
 9.888118  9.906864  9.765335  9.590987  9.863361  9.0998335 9.011816
 9.246511  9.615097  9.223903  9.960396  9.420753  8.964674  9.81322
 9.263661 ]
weights [2.92397661e-06 2.92397661e-06 2.92397661e-06 2.92397661e-06
 2.92397661e-06 2.92397661e-06 2.92397661e-06 2.92397661e-06
 2.92397661e-06 2.92397661e-06 2.92397661e-06 2.92397661e-06
 2.92397661e-06 2.92397661e-06 2.92397661e-06 2.92397661e-06
 2.92397661e-06 2.92397661e-06 2.92397661e-06 2.77777778e-05
 2.77777778e-05 3.70370370e-05 3.70370370e-05 3.70370370e-05
 3.70370370e-05 3.70370370e-05 3.70370370e-05 3.70370370e-05
 3.70370370e-05 3.70370370e-05 4.16666667e-05 4.16666667e-05
 4.16666667e-05 4.16666667e-05 4.16666667e-05 4.16666667e-05
 4.16666667e-05 4.16666667e-05 8.00000000e-02 8.00000000e-02
 8.14285714e-02 8.23452381e-02 8.27500000e-02 8.33333333e-02
 8.39682540e-02 8.44444444e-02 8.47619048e-02 8.50793651e-02
 8.53968254e-02 8.57142857e-02]
Initial weight sum:  1.0
-- INFO     [wevo] -- distance_matrix
-- INFO     [wevo] -- 
[[0.         0.35124016 0.0604887  ... 0.37386227 1.22240829 0.67284966]
 [0.35124016 0.         0.29075146 ... 0.72510242 1.57364845 1.02408981]
 [0.0604887  0.29075146 0.         ... 0.43435097 1.282897   0.73333836]
 ...
 [0.37386227 0.72510242 0.43435097 ... 0.         0.84854603 0.29898739]
 [1.22240829 1.57364845 1.282897   ... 0.84854603 0.         0.54955864]
 [0.67284966 1.02408981 0.73333836 ... 0.29898739 0.54955864 0.        ]]
-- INFO     [wevo] -- Starting variance optimization: 812698.7663090666
-- INFO     [wevo] -- WEVO ran for 34 cycles
-- INFO     [wevo] -- 
To split: 50 total: 33 being split 
 [0, 11, 0, 0, 0, 0, 0, 0, 0, 0, 0, 0, 0, 1, 0, 0, 0, 0, 0, 4, 0, 0, 0, 0, 0, 0, 0, 0, 0, 0, 0, 0, 0, 0, 0, 0, 0, 0, 0, 0, 0, 0, 0, 0, 0, 17, 0, 0, 0, 0]
-- INFO     [wevo] -- 
To merge: 50 total: 33 being merged 
 [[], [], [], [], [], [], [], [], [], [], [], [], [], [], [], [], [], [], [], [], [], [], [], [], [], [], [], [], [], [], [], [], [], [], [], [], [], [], [], [], [8, 32, 18, 14, 7, 0, 27, 16, 37, 2, 4, 15, 22, 20, 33, 11, 28, 9, 30, 35, 29, 23, 36, 17, 31, 6, 24, 21, 34, 26], [], [], [], [10, 12, 25], [], [], [], [], []]
Final variation value after 34 wevo cycles:  1835952.7380505544
Bin attrs post WEVO:  <Bin at 0x1638fc200, label=None, count=50, weight=1>
Total = 50, splitting = 37, merging = 35
Iteration completed successfully
Iteration wallclock: 0:00:00.141331, cputime: 0:00:00


Tue Aug 23 12:31:07 2022
Iteration 5 (50 requested)
Beginning iteration 5
50 segments remain in iteration 5 (50 total)
1 of 1 (100.000000%) active bins are populated
per-bin minimum non-zero probability:       1
per-bin maximum probability:                1
per-bin probability dynamic range (kT):     0
per-segment minimum non-zero probability:   2.43665e-07
per-segment maximum non-zero probability:   0.0857143
per-segment probability dynamic range (kT): 12.7707
norm = 1, error in norm = 0 (0*epsilon)
Waiting for segments to complete...
pcoords [8.261259  8.33567   8.034123  8.169937  8.257825  8.370685  8.31527
 8.082768  8.26694   8.089325  8.145027  8.112296  8.257716  8.413075
 8.491596  8.298638  8.387864  8.152039  8.446289  8.298547  8.417854
 9.994044  9.859279  9.870256  9.759343  9.840982  9.976256  9.687568
 9.9734955 9.867283  9.82185   9.849491  9.893637  9.867206  9.900053
 9.75106   9.867362  9.88704   9.829386  9.244324  9.595479  8.996285
 8.949871  9.142463  9.40818   9.267441  9.526422  8.759248  9.781013
 9.138364 ]
weights [2.43664717e-07 2.43664717e-07 2.43664717e-07 2.43664717e-07
 2.43664717e-07 2.43664717e-07 2.43664717e-07 2.43664717e-07
 2.43664717e-07 2.43664717e-07 2.43664717e-07 2.43664717e-07
 1.46198830e-06 1.46198830e-06 2.92397661e-06 2.92397661e-06
 5.55555556e-06 5.55555556e-06 5.55555556e-06 5.55555556e-06
 5.55555556e-06 4.69135802e-03 4.69135802e-03 4.69135802e-03
 4.69135802e-03 4.69135802e-03 4.69135802e-03 4.69135802e-03
 4.69135802e-03 4.69135802e-03 4.69135802e-03 4.69135802e-03
 4.69135802e-03 4.69135802e-03 4.69135802e-03 4.69135802e-03
 4.69135802e-03 4.69135802e-03 4.69135802e-03 8.00000000e-02
 8.00000000e-02 8.21239905e-02 8.23452381e-02 8.27500000e-02
 8.33333333e-02 8.40111390e-02 8.47619048e-02 8.50793651e-02
 8.53968254e-02 8.57142857e-02]
Initial weight sum:  1.0
-- INFO     [wevo] -- distance_matrix
-- INFO     [wevo] -- 
[[0.         0.07441139 0.22713566 ... 0.4979887  1.51975346 0.87710476]
 [0.07441139 0.         0.30154705 ... 0.42357731 1.44534206 0.80269337]
 [0.22713566 0.30154705 0.         ... 0.72512436 1.74688911 1.10424042]
 ...
 [0.4979887  0.42357731 0.72512436 ... 0.         1.02176476 0.37911606]
 [1.51975346 1.44534206 1.74688911 ... 1.02176476 0.         0.6426487 ]
 [0.87710476 0.80269337 1.10424042 ... 0.37911606 0.6426487  0.        ]]
-- INFO     [wevo] -- Starting variance optimization: 1489345.3513163847
-- INFO     [wevo] -- WEVO ran for 32 cycles
-- INFO     [wevo] -- 
To split: 50 total: 31 being split 
 [0, 0, 10, 0, 0, 0, 0, 2, 0, 1, 0, 0, 0, 0, 0, 0, 0, 2, 0, 0, 0, 10, 0, 0, 0, 0, 3, 0, 3, 0, 0, 0, 0, 0, 0, 0, 0, 0, 0, 0, 0, 0, 0, 0, 0, 0, 0, 0, 0, 0]
-- INFO     [wevo] -- 
To merge: 50 total: 31 being merged 
 [[], [], [], [], [], [], [], [], [], [], [], [], [], [], [], [], [], [], [], [], [], [], [], [], [], [], [], [], [], [], [], [], [], [], [], [], [], [], [], [24, 12, 22, 32], [], [18, 13, 5, 20, 1, 35, 31, 23], [16, 6, 0, 4, 38, 29, 10], [14, 27, 15, 19, 25, 3, 37], [], [33, 34], [], [], [], [8, 30, 36]]
Final variation value after 32 wevo cycles:  2374532.75089701
Bin attrs post WEVO:  <Bin at 0x1638be820, label=None, count=50, weight=1>
Total = 50, splitting = 38, merging = 37
Iteration completed successfully
Iteration wallclock: 0:00:00.138109, cputime: 0:00:00


Tue Aug 23 12:31:07 2022
Iteration 6 (50 requested)
Beginning iteration 6
50 segments remain in iteration 6 (50 total)
1 of 1 (100.000000%) active bins are populated
per-bin minimum non-zero probability:       1
per-bin maximum probability:                1
per-bin probability dynamic range (kT):     0
per-segment minimum non-zero probability:   2.21513e-08
per-segment maximum non-zero probability:   0.0968357
per-segment probability dynamic range (kT): 15.2906
norm = 1, error in norm = 0 (0*epsilon)
Waiting for segments to complete...
pcoords [8.072624  7.8567853 8.02153   8.091374  8.052661  7.9627886 8.345827
 8.114963  7.8891296 8.232925  7.963636  8.239389  8.016404  8.08125
 8.144241  7.8933806 8.15797   8.237096  7.7392035 8.221916  9.792936
 9.6444    9.812247  9.804365  9.889545  9.855729  9.936833  9.872315
 9.879594  9.9894085 9.905955  9.688029  9.957753  9.84751   9.586032
 9.977028  9.870331  9.881026  9.800159  9.651992  9.475199  9.429153
 8.782861  9.82153   9.027568  9.2365885 9.396617  9.191173  9.219387
 9.323975 ]
weights [2.21513379e-08 2.21513379e-08 2.21513379e-08 2.21513379e-08
 2.21513379e-08 2.21513379e-08 2.21513379e-08 2.21513379e-08
 2.21513379e-08 2.21513379e-08 2.21513379e-08 8.12215724e-08
 8.12215724e-08 8.12215724e-08 1.21832359e-07 1.21832359e-07
 2.43664717e-07 1.85185185e-06 1.85185185e-06 1.85185185e-06
 4.26487093e-04 4.26487093e-04 4.26487093e-04 4.26487093e-04
 4.26487093e-04 4.26487093e-04 4.26487093e-04 4.26487093e-04
 4.26487093e-04 4.26487093e-04 4.26487093e-04 1.17283951e-03
 1.17283951e-03 1.17283951e-03 1.17283951e-03 1.17283951e-03
 1.17283951e-03 1.17283951e-03 1.17283951e-03 8.00000000e-02
 8.33333333e-02 8.47619048e-02 8.50793651e-02 8.53968254e-02
 9.17344844e-02 9.33938550e-02 9.40755361e-02 9.50972454e-02
 9.62111250e-02 9.68357212e-02]
Initial weight sum:  1.0000000000000002
-- INFO     [wevo] -- distance_matrix
-- INFO     [wevo] -- 
[[0.         0.21583891 0.05109406 ... 1.11854839 1.14676285 1.2513504 ]
 [0.21583891 0.         0.16474485 ... 1.3343873  1.36260176 1.46718931]
 [0.05109406 0.16474485 0.         ... 1.16964245 1.1978569  1.30244446]
 ...
 [1.11854839 1.3343873  1.16964245 ... 0.         0.02821445 0.13280201]
 [1.14676285 1.36260176 1.1978569  ... 0.02821445 0.         0.10458755]
 [1.2513504  1.46718931 1.30244446 ... 0.13280201 0.10458755 0.        ]]
-- INFO     [wevo] -- Starting variance optimization: 1967821.4779472651
-- INFO     [wevo] -- WEVO ran for 35 cycles
-- INFO     [wevo] -- 
To split: 50 total: 34 being split 
 [0, 0, 0, 0, 0, 0, 0, 0, 0, 0, 0, 0, 0, 0, 0, 0, 0, 0, 21, 0, 0, 0, 0, 0, 0, 0, 0, 0, 0, 4, 0, 0, 3, 0, 0, 6, 0, 0, 0, 0, 0, 0, 0, 0, 0, 0, 0, 0, 0, 0]
-- INFO     [wevo] -- 
To merge: 50 total: 34 being merged 
 [[], [], [], [], [], [], [], [], [], [], [], [], [], [], [], [], [], [], [], [], [], [], [], [], [], [], [], [], [], [], [], [], [], [], [], [], [], [], [], [], [], [], [17, 7, 19, 14, 16, 3, 0, 4, 13, 2, 12, 31, 10, 5, 20, 8, 23, 1, 22, 15, 38, 25, 33, 27, 28, 36, 24, 37], [], [6, 34, 9, 11, 21, 30], [], [], [], [], []]
Final variation value after 35 wevo cycles:  4404068.318274559
Bin attrs post WEVO:  <Bin at 0x1638e4c80, label=None, count=50, weight=1>
Total = 50, splitting = 38, merging = 36
Iteration completed successfully
Iteration wallclock: 0:00:00.142462, cputime: 0:00:00


Tue Aug 23 12:31:07 2022
Iteration 7 (50 requested)
Beginning iteration 7
50 segments remain in iteration 7 (50 total)
1 of 1 (100.000000%) active bins are populated
per-bin minimum non-zero probability:       1
per-bin maximum probability:                1
per-bin probability dynamic range (kT):     0
per-segment minimum non-zero probability:   8.41751e-08
per-segment maximum non-zero probability:   0.0968357
per-segment probability dynamic range (kT): 13.9556
norm = 1, error in norm = 0 (0*epsilon)
Waiting for segments to complete...
pcoords [7.6538153 7.815824  7.863475  7.647847  7.745369  7.6054864 7.597749
 7.917355  7.658126  7.848984  7.599727  7.6679335 7.8813477 8.032487
 7.824257  7.8021207 7.58992   7.7526717 7.6534805 7.5390306 7.5406513
 7.7991943 9.926975  9.898124  9.937546  9.915132  9.828278  9.929293
 9.962197  9.847479  9.826365  9.689102  9.930778  9.758775  9.932806
 9.953229  9.630504  9.835335  9.794688  9.691851  9.510775  9.390108
 9.999028  9.106365  9.195726  8.68222   9.085422  9.104077  9.277463
 9.529739 ]
weights [8.41750842e-08 8.41750842e-08 8.41750842e-08 8.41750842e-08
 8.41750842e-08 8.41750842e-08 8.41750842e-08 8.41750842e-08
 8.41750842e-08 8.41750842e-08 8.41750842e-08 8.41750842e-08
 8.41750842e-08 8.41750842e-08 8.41750842e-08 8.41750842e-08
 8.41750842e-08 8.41750842e-08 8.41750842e-08 8.41750842e-08
 8.41750842e-08 8.41750842e-08 8.52974186e-05 8.52974186e-05
 8.52974186e-05 8.52974186e-05 8.52974186e-05 1.67548501e-04
 1.67548501e-04 1.67548501e-04 1.67548501e-04 1.67548501e-04
 1.67548501e-04 1.67548501e-04 2.93209877e-04 2.93209877e-04
 2.93209877e-04 2.93209877e-04 4.26487093e-04 8.00000000e-02
 8.33333333e-02 8.47619048e-02 8.53968254e-02 9.33938550e-02
 9.37604236e-02 9.39335251e-02 9.40755361e-02 9.50972454e-02
 9.62111250e-02 9.68357212e-02]
Initial weight sum:  1.0
-- INFO     [wevo] -- distance_matrix
-- INFO     [wevo] -- 
[[0.         0.16200876 0.20965958 ... 1.45026207 1.62364769 1.87592411]
 [0.16200876 0.         0.04765081 ... 1.28825331 1.46163893 1.71391535]
 [0.20965958 0.04765081 0.         ... 1.24060249 1.41398811 1.66626453]
 ...
 [1.45026207 1.28825331 1.24060249 ... 0.         0.17338562 0.42566204]
 [1.62364769 1.46163893 1.41398811 ... 0.17338562 0.         0.25227642]
 [1.87592411 1.71391535 1.66626453 ... 0.42566204 0.25227642 0.        ]]
-- INFO     [wevo] -- Starting variance optimization: 4017216.03550493
-- INFO     [wevo] -- WEVO ran for 32 cycles
-- INFO     [wevo] -- 
To split: 50 total: 31 being split 
 [0, 0, 0, 0, 0, 0, 1, 0, 0, 0, 1, 0, 0, 0, 0, 0, 1, 0, 0, 5, 5, 0, 0, 0, 0, 0, 0, 0, 0, 0, 0, 0, 0, 0, 0, 0, 0, 0, 0, 0, 0, 0, 18, 0, 0, 0, 0, 0, 0, 0]
-- INFO     [wevo] -- 
To merge: 50 total: 31 being merged 
 [[], [], [], [], [], [], [], [], [], [], [], [], [], [], [], [], [], [], [], [], [], [], [], [], [], [], [], [], [], [], [], [], [], [], [], [], [], [], [], [], [], [], [], [15, 21, 23, 25, 22, 24, 27, 35, 8, 0], [], [13, 36, 31, 7, 33, 12, 9, 38, 17, 4, 32, 34], [2, 26, 30, 14, 1, 29, 37, 28, 11], [], [], []]
Final variation value after 32 wevo cycles:  6440127.232723534
Bin attrs post WEVO:  <Bin at 0x1639204a0, label=None, count=50, weight=1>
Total = 50, splitting = 37, merging = 34
Iteration completed successfully
Iteration wallclock: 0:00:00.140486, cputime: 0:00:00


Tue Aug 23 12:31:08 2022
Iteration 8 (50 requested)
Beginning iteration 8
50 segments remain in iteration 8 (50 total)
1 of 1 (100.000000%) active bins are populated
per-bin minimum non-zero probability:       1
per-bin maximum probability:                1
per-bin probability dynamic range (kT):     0
per-segment minimum non-zero probability:   1.40292e-08
per-segment maximum non-zero probability:   0.0968357
per-segment probability dynamic range (kT): 15.7474
norm = 1, error in norm = 0 (0*epsilon)
Waiting for segments to complete...
pcoords [7.338687  7.5037704 7.640569  7.628923  7.5286307 7.5257754 7.628402
 7.556255  7.4297748 7.6087284 7.9280934 7.6462665 7.528666  7.6092176
 7.45724   7.455629  7.4816413 7.7221546 7.9356866 7.7949867 7.732188
 9.910202  9.995566  9.972757  9.912211  9.776793  9.697089  9.951124
 9.911726  9.840524  9.972854  9.919963  9.959877  9.895899  9.930732
 9.661057  9.907408  9.864876  9.888618  9.99459   9.611307  9.880788
 9.471868  9.0632305 9.118366  9.002617  9.015164  8.802437  9.151567
 9.565193 ]
weights [1.40291807e-08 1.40291807e-08 1.40291807e-08 1.40291807e-08
 1.40291807e-08 1.40291807e-08 1.40291807e-08 1.40291807e-08
 1.40291807e-08 1.40291807e-08 1.40291807e-08 1.40291807e-08
 4.20875421e-08 4.20875421e-08 4.20875421e-08 4.20875421e-08
 4.20875421e-08 4.20875421e-08 8.41750842e-08 8.41750842e-08
 8.41750842e-08 4.49456976e-03 4.49456976e-03 4.49456976e-03
 4.49456976e-03 4.49456976e-03 4.49456976e-03 4.49456976e-03
 4.49456976e-03 4.49456976e-03 4.49456976e-03 4.49456976e-03
 4.49456976e-03 4.49456976e-03 4.49456976e-03 4.49456976e-03
 4.49456976e-03 4.49456976e-03 4.49456976e-03 4.49456976e-03
 8.00000000e-02 8.33333333e-02 8.47619048e-02 9.37604236e-02
 9.41961398e-02 9.49570256e-02 9.50972454e-02 9.54495825e-02
 9.62111250e-02 9.68357212e-02]
Initial weight sum:  1.0
-- INFO     [wevo] -- distance_matrix
-- INFO     [wevo] -- 
[[0.         0.16508341 0.30188227 ... 1.46374989 1.81288052 2.22650623]
 [0.16508341 0.         0.13679886 ... 1.29866648 1.64779711 2.06142282]
 [0.30188227 0.13679886 0.         ... 1.16186762 1.51099825 1.92462397]
 ...
 [1.46374989 1.29866648 1.16186762 ... 0.         0.34913063 0.76275635]
 [1.81288052 1.64779711 1.51099825 ... 0.34913063 0.         0.41362572]
 [2.22650623 2.06142282 1.92462397 ... 0.76275635 0.41362572 0.        ]]
-- INFO     [wevo] -- Starting variance optimization: 5435471.502037895
-- INFO     [wevo] -- WEVO ran for 28 cycles
-- INFO     [wevo] -- 
To split: 50 total: 27 being split 
 [10, 0, 0, 0, 0, 0, 0, 0, 1, 0, 0, 0, 0, 0, 2, 2, 1, 0, 0, 0, 0, 0, 4, 1, 0, 0, 0, 0, 0, 0, 1, 0, 1, 0, 0, 0, 0, 0, 0, 4, 0, 0, 0, 0, 0, 0, 0, 0, 0, 0]
-- INFO     [wevo] -- 
To merge: 50 total: 27 being merged 
 [[], [], [], [], [], [], [], [], [], [], [], [], [], [], [], [], [], [], [], [], [], [], [], [], [], [], [], [], [], [], [], [], [], [], [], [], [], [], [], [], [21, 28, 24, 31], [], [38, 33, 36], [6, 29], [37], [26], [17, 20, 25], [10, 18, 35, 19, 11, 2, 3, 9, 13, 7, 4, 5, 1], [], []]
Final variation value after 28 wevo cycles:  7124202.22052654
Bin attrs post WEVO:  <Bin at 0x16393a2e0, label=None, count=50, weight=1>
Total = 50, splitting = 37, merging = 34
Iteration completed successfully
Iteration wallclock: 0:00:00.132762, cputime: 0:00:00


Tue Aug 23 12:31:08 2022
Iteration 9 (50 requested)
Beginning iteration 9
50 segments remain in iteration 9 (50 total)
1 of 1 (100.000000%) active bins are populated
per-bin minimum non-zero probability:       1
per-bin maximum probability:                1
per-bin probability dynamic range (kT):     0
per-segment minimum non-zero probability:   1.27538e-09
per-segment maximum non-zero probability:   0.0999445
per-segment probability dynamic range (kT): 18.1769
norm = 1, error in norm = 0 (0*epsilon)
Waiting for segments to complete...
pcoords [7.3523145 6.9971733 7.316415  7.480751  7.529359  7.2881413 7.3853183
 7.5021715 7.436332  7.2277284 7.2498965 7.317573  7.5087557 7.3019824
 7.5025773 7.630017  7.376561  7.4746537 7.6306195 7.5578194 7.515545
 7.649748  9.678729  9.966194  9.795992  9.848941  9.987695  9.846491
 9.941988  9.855941  9.842755  9.672909  9.841466  9.85955   9.761699
 9.738306  9.869491  9.752177  9.99689   9.890337  9.915302  8.927953
 9.868221  9.614548  9.35183   9.142198  8.849179  9.043368  9.081639
 8.941096 ]
weights [1.27538006e-09 1.27538006e-09 1.27538006e-09 1.27538006e-09
 1.27538006e-09 1.27538006e-09 1.27538006e-09 1.27538006e-09
 1.27538006e-09 1.27538006e-09 1.27538006e-09 7.01459035e-09
 7.01459035e-09 1.40291807e-08 1.40291807e-08 1.40291807e-08
 1.40291807e-08 1.40291807e-08 1.40291807e-08 2.10437710e-08
 2.10437710e-08 4.20875421e-08 8.98913952e-04 8.98913952e-04
 8.98913952e-04 8.98913952e-04 8.98913952e-04 8.98913952e-04
 8.98913952e-04 8.98913952e-04 8.98913952e-04 8.98913952e-04
 2.24728488e-03 2.24728488e-03 2.24728488e-03 2.24728488e-03
 2.24728488e-03 2.24728488e-03 4.49456976e-03 4.49456976e-03
 8.33333333e-02 9.62111250e-02 9.68357212e-02 9.79782790e-02
 9.82456140e-02 9.82550074e-02 9.86907095e-02 9.94515953e-02
 9.95919414e-02 9.99444890e-02]
Initial weight sum:  1.0
-- INFO     [wevo] -- distance_matrix
-- INFO     [wevo] -- 
[[0.         0.35514116 0.03589964 ... 1.69105387 1.72932482 1.58878183]
 [0.35514116 0.         0.31924152 ... 2.04619503 2.08446598 1.943923  ]
 [0.03589964 0.31924152 0.         ... 1.72695351 1.76522446 1.62468147]
 ...
 [1.69105387 2.04619503 1.72695351 ... 0.         0.03827095 0.10227203]
 [1.72932482 2.08446598 1.76522446 ... 0.03827095 0.         0.14054298]
 [1.58878183 1.943923   1.62468147 ... 0.10227203 0.14054298 0.        ]]
-- INFO     [wevo] -- Starting variance optimization: 5997092.095649483
-- INFO     [wevo] -- WEVO ran for 30 cycles
-- INFO     [wevo] -- 
To split: 50 total: 29 being split 
 [0, 16, 0, 0, 0, 0, 0, 0, 0, 0, 0, 0, 0, 1, 0, 0, 0, 0, 0, 0, 0, 0, 0, 0, 0, 0, 0, 0, 0, 0, 0, 0, 0, 0, 0, 0, 0, 0, 6, 0, 6, 0, 0, 0, 0, 0, 0, 0, 0, 0]
-- INFO     [wevo] -- 
To merge: 50 total: 29 being merged 
 [[], [], [], [], [], [], [], [], [], [], [], [], [], [], [], [], [], [], [], [], [], [], [], [], [], [], [], [], [], [], [], [], [], [], [], [], [], [34, 30, 27, 2, 25, 29, 32, 33, 36], [], [], [], [22, 35], [], [], [], [24], [31, 4, 18, 15, 21, 7, 3, 8, 19, 12, 14, 20, 6, 17, 0, 5, 16], [], [], []]
Final variation value after 30 wevo cycles:  8768962.589501265
Bin attrs post WEVO:  <Bin at 0x1638e4040, label=None, count=50, weight=1>
Total = 50, splitting = 33, merging = 33
Iteration completed successfully
Iteration wallclock: 0:00:00.135529, cputime: 0:00:00


Tue Aug 23 12:31:08 2022
Iteration 10 (50 requested)
Beginning iteration 10
50 segments remain in iteration 10 (50 total)
1 of 1 (100.000000%) active bins are populated
per-bin minimum non-zero probability:       1
per-bin maximum probability:                1
per-bin probability dynamic range (kT):     0
per-segment minimum non-zero probability:   7.50224e-11
per-segment maximum non-zero probability:   0.0999445
per-segment probability dynamic range (kT): 21.0101
norm = 1, error in norm = 0 (0*epsilon)
Waiting for segments to complete...
pcoords [7.112619  7.109893  6.8532624 7.0176063 7.080672  6.887724  6.8519907
 7.1905727 7.134121  7.1102176 7.2753882 6.9951735 7.054216  6.9963775
 6.872385  6.933766  7.115     7.4016614 7.2245436 7.2888865 7.2410045
 7.2045507 9.953482  9.858746  9.9724455 9.892098  9.899849  9.816245
 9.876314  9.954792  9.886193  9.851594  9.647216  9.910831  9.835458
 9.788691  9.719314  9.903688  9.978058  9.866609  9.886156  9.921492
 9.516566  9.297192  8.994765  8.810058  9.263701  8.88071   9.36849
 8.883223 ]
weights [7.50223567e-11 7.50223567e-11 7.50223567e-11 7.50223567e-11
 7.50223567e-11 7.50223567e-11 7.50223567e-11 7.50223567e-11
 7.50223567e-11 7.50223567e-11 7.50223567e-11 7.50223567e-11
 7.50223567e-11 7.50223567e-11 7.50223567e-11 7.50223567e-11
 7.50223567e-11 1.27538006e-09 1.27538006e-09 7.01459035e-09
 7.01459035e-09 7.01459035e-09 6.42081394e-04 6.42081394e-04
 6.42081394e-04 6.42081394e-04 6.42081394e-04 6.42081394e-04
 6.42081394e-04 8.98913952e-04 8.98913952e-04 8.98913952e-04
 4.49456976e-03 1.19047619e-02 1.19047619e-02 1.19047619e-02
 1.19047619e-02 1.19047619e-02 1.19047619e-02 1.19047619e-02
 1.48320815e-02 9.68357212e-02 9.79782790e-02 9.82456140e-02
 9.91539213e-02 9.93573239e-02 9.94515953e-02 9.95897937e-02
 9.95919414e-02 9.99444890e-02]
Initial weight sum:  1.0
-- INFO     [wevo] -- distance_matrix
-- INFO     [wevo] -- 
[[0.00000000e+00 2.72607803e-03 2.59356499e-01 ... 1.76809072e+00
  2.25587130e+00 1.77060366e+00]
 [2.72607803e-03 0.00000000e+00 2.56630421e-01 ... 1.77081680e+00
  2.25859737e+00 1.77332973e+00]
 [2.59356499e-01 2.56630421e-01 0.00000000e+00 ... 2.02744722e+00
  2.51522779e+00 2.02996016e+00]
 ...
 [1.76809072e+00 1.77081680e+00 2.02744722e+00 ... 0.00000000e+00
  4.87780571e-01 2.51293182e-03]
 [2.25587130e+00 2.25859737e+00 2.51522779e+00 ... 4.87780571e-01
  0.00000000e+00 4.85267639e-01]
 [1.77060366e+00 1.77332973e+00 2.02996016e+00 ... 2.51293182e-03
  4.85267639e-01 0.00000000e+00]]
-- INFO     [wevo] -- Starting variance optimization: 7872767.511582801
-- INFO     [wevo] -- WEVO ran for 17 cycles
-- INFO     [wevo] -- 
To split: 50 total: 16 being split 
 [0, 0, 2, 0, 0, 1, 2, 0, 0, 0, 0, 0, 0, 0, 2, 1, 0, 0, 0, 0, 0, 1, 0, 0, 0, 0, 0, 0, 0, 0, 0, 0, 0, 0, 0, 0, 0, 0, 4, 0, 0, 3, 0, 0, 0, 0, 0, 0, 0, 0]
-- INFO     [wevo] -- 
To merge: 50 total: 16 being merged 
 [[], [], [], [], [], [], [], [], [], [], [], [], [], [], [], [], [], [], [], [], [], [], [], [], [], [], [], [], [], [], [], [], [], [], [], [36, 32], [], [], [], [], [], [], [25], [31, 28], [23], [10, 17, 7, 8, 27, 16, 0, 9, 1, 4], [], [], [], []]
Final variation value after 17 wevo cycles:  9134396.196591707
Bin attrs post WEVO:  <Bin at 0x163920200, label=None, count=50, weight=1>
Total = 50, splitting = 24, merging = 21
Iteration completed successfully
Iteration wallclock: 0:00:00.112508, cputime: 0:00:00


Tue Aug 23 12:31:08 2022
Iteration 11 (50 requested)
Beginning iteration 11
50 segments remain in iteration 11 (50 total)
1 of 1 (100.000000%) active bins are populated
per-bin minimum non-zero probability:       1
per-bin maximum probability:                1
per-bin probability dynamic range (kT):     0
per-segment minimum non-zero probability:   2.50075e-11
per-segment maximum non-zero probability:   0.0999994
per-segment probability dynamic range (kT): 22.1093
norm = 1, error in norm = 0 (0*epsilon)
Waiting for segments to complete...
pcoords [7.0194435 6.8951554 6.907864  7.0182443 7.041578  6.979985  6.998361
 6.9735403 6.6917863 6.9122295 6.802833  6.914928  6.9729724 6.9414663
 7.0496254 7.0443015 7.1459002 7.463356  7.064168  7.206208  7.1771855
 7.407596  9.7403345 9.99982   9.8021145 9.923841  9.901869  9.909852
 9.918303  9.940189  9.900836  9.921363  9.965166  9.749133  9.951415
 9.8675165 9.959875  9.956656  9.837402  9.844138  9.824857  9.569331
 9.581467  9.228902  8.801377  9.547563  9.207905  9.021522  8.898289
 8.578355 ]
weights [2.50074522e-11 2.50074522e-11 2.50074522e-11 2.50074522e-11
 2.50074522e-11 2.50074522e-11 2.50074522e-11 2.50074522e-11
 2.50074522e-11 3.75111783e-11 3.75111783e-11 3.75111783e-11
 3.75111783e-11 7.50223567e-11 7.50223567e-11 7.50223567e-11
 7.50223567e-11 1.27538006e-09 3.50729517e-09 3.50729517e-09
 7.01459035e-09 7.01459035e-09 6.42081394e-04 6.42081394e-04
 6.42081394e-04 8.98913952e-04 8.98913952e-04 2.38095238e-03
 2.38095238e-03 2.38095238e-03 2.38095238e-03 2.38095238e-03
 1.19047619e-02 1.19047619e-02 1.19047619e-02 1.19047619e-02
 1.48320815e-02 2.42089303e-02 2.42089303e-02 2.42089303e-02
 2.42089303e-02 2.83040936e-02 9.86203604e-02 9.94515953e-02
 9.95897937e-02 9.95919414e-02 9.97866094e-02 9.97960027e-02
 9.99444890e-02 9.99994071e-02]
Initial weight sum:  1.0
-- INFO     [wevo] -- distance_matrix
-- INFO     [wevo] -- 
[[0.         0.12428808 0.11157942 ... 2.00207806 1.87884521 1.55891132]
 [0.12428808 0.         0.01270866 ... 2.12636614 2.0031333  1.68319941]
 [0.11157942 0.01270866 0.         ... 2.11365747 1.99042463 1.67049074]
 ...
 [2.00207806 2.12636614 2.11365747 ... 0.         0.12323284 0.44316673]
 [1.87884521 2.0031333  1.99042463 ... 0.12323284 0.         0.31993389]
 [1.55891132 1.68319941 1.67049074 ... 0.44316673 0.31993389 0.        ]]
-- INFO     [wevo] -- Starting variance optimization: 8247791.830733719
-- INFO     [wevo] -- WEVO ran for 21 cycles
-- INFO     [wevo] -- 
To split: 50 total: 20 being split 
 [0, 0, 0, 0, 0, 0, 0, 0, 3, 0, 1, 0, 0, 0, 0, 0, 0, 0, 7, 0, 1, 0, 0, 0, 0, 0, 0, 0, 0, 0, 0, 0, 2, 0, 1, 0, 2, 3, 0, 0, 0, 0, 0, 0, 0, 0, 0, 0, 0, 0]
-- INFO     [wevo] -- 
To merge: 50 total: 20 being merged 
 [[], [], [], [], [], [], [], [], [], [], [], [], [], [], [], [], [], [], [], [], [], [], [], [], [], [], [], [], [], [], [], [], [], [], [], [], [], [], [25, 30, 39], [], [41, 22, 33, 24], [], [26], [], [17, 0, 3, 6, 5, 7, 14, 15, 12], [], [], [], [], [21, 16, 4]]
Final variation value after 21 wevo cycles:  9783759.959142791
Bin attrs post WEVO:  <Bin at 0x1638fc660, label=None, count=50, weight=1>
Total = 50, splitting = 28, merging = 25
Iteration completed successfully
Iteration wallclock: 0:00:00.119871, cputime: 0:00:00


Tue Aug 23 12:31:08 2022
Iteration 12 (50 requested)
Beginning iteration 12
50 segments remain in iteration 12 (50 total)
1 of 1 (100.000000%) active bins are populated
per-bin minimum non-zero probability:       1
per-bin maximum probability:                1
per-bin probability dynamic range (kT):     0
per-segment minimum non-zero probability:   6.25186e-12
per-segment maximum non-zero probability:   0.0999994
per-segment probability dynamic range (kT): 23.4956
norm = 1, error in norm = 0 (0*epsilon)
Waiting for segments to complete...
pcoords [6.6786313 6.6530848 6.6293373 6.9597597 6.766753  6.7349005 6.8553095
 7.1684318 7.0045314 6.9991536 7.03677   7.1103454 6.9651036 7.177466
 6.962378  6.9451756 7.1310444 7.0094113 7.1760306 7.114854  7.135367
 7.344659  9.746734  9.739963  9.889847  9.987784  9.796493  9.961095
 9.890278  9.979432  9.775829  9.962685  9.985981  9.862217  9.848882
 9.983219  9.887645  9.832581  9.915049  9.914732  9.815953  9.807077
 9.127237  9.605533  8.693971  9.639724  9.17237   8.834108  8.969254
 8.58943  ]
weights [6.25186306e-12 6.25186306e-12 6.25186306e-12 6.25186306e-12
 1.87555892e-11 1.87555892e-11 2.50074522e-11 2.50074522e-11
 3.75111783e-11 3.75111783e-11 7.50223567e-11 4.38411897e-10
 4.38411897e-10 4.38411897e-10 4.38411897e-10 4.38411897e-10
 4.38411897e-10 4.38411897e-10 4.38411897e-10 3.50729517e-09
 3.50729517e-09 3.50729517e-09 6.42081394e-04 2.38095238e-03
 2.38095238e-03 2.38095238e-03 2.38095238e-03 3.96825397e-03
 3.96825397e-03 3.96825397e-03 4.94402716e-03 4.94402716e-03
 4.94402716e-03 5.95238095e-03 5.95238095e-03 6.05223258e-03
 6.05223258e-03 6.05223258e-03 6.05223258e-03 1.19047619e-02
 5.16977270e-02 6.57019486e-02 9.94515953e-02 9.95192744e-02
 9.95897953e-02 9.95919414e-02 9.97866094e-02 9.97960027e-02
 9.99444890e-02 9.99994142e-02]
Initial weight sum:  1.0000000000000002
-- INFO     [wevo] -- distance_matrix
-- INFO     [wevo] -- 
[[0.         0.02554655 0.04929399 ... 2.15547705 2.29062223 1.91079855]
 [0.02554655 0.         0.02374744 ... 2.1810236  2.31616879 1.9363451 ]
 [0.04929399 0.02374744 0.         ... 2.20477104 2.33991623 1.96009254]
 ...
 [2.15547705 2.1810236  2.20477104 ... 0.         0.13514519 0.2446785 ]
 [2.29062223 2.31616879 2.33991623 ... 0.13514519 0.         0.37982368]
 [1.91079855 1.9363451  1.96009254 ... 0.2446785  0.37982368 0.        ]]
-- INFO     [wevo] -- Starting variance optimization: 8957462.673713006
-- INFO     [wevo] -- WEVO ran for 17 cycles
-- INFO     [wevo] -- 
To split: 50 total: 16 being split 
 [0, 0, 1, 0, 0, 1, 0, 0, 0, 0, 0, 0, 1, 0, 2, 2, 0, 1, 0, 1, 1, 0, 0, 0, 0, 1, 0, 0, 0, 1, 0, 0, 2, 0, 0, 2, 0, 0, 0, 0, 0, 0, 0, 0, 0, 0, 0, 0, 0, 0]
-- INFO     [wevo] -- 
To merge: 50 total: 16 being merged 
 [[], [], [], [], [], [], [], [], [], [], [], [], [], [], [], [], [], [], [], [], [], [], [], [], [], [], [], [], [], [], [], [], [], [], [], [], [], [], [], [], [], [22, 23, 30, 26, 37, 34], [], [], [7, 3, 21, 8, 9, 13, 18, 10, 16, 11], [], [], [], [], []]
Final variation value after 17 wevo cycles:  10090382.924837843
Bin attrs post WEVO:  <Bin at 0x1638bed60, label=None, count=50, weight=1>
Total = 50, splitting = 28, merging = 18
Iteration completed successfully
Iteration wallclock: 0:00:00.111275, cputime: 0:00:00


Tue Aug 23 12:31:08 2022
Iteration 13 (50 requested)
Beginning iteration 13
50 segments remain in iteration 13 (50 total)
1 of 1 (100.000000%) active bins are populated
per-bin minimum non-zero probability:       1
per-bin maximum probability:                1
per-bin probability dynamic range (kT):     0
per-segment minimum non-zero probability:   3.12593e-12
per-segment maximum non-zero probability:   0.0999994
per-segment probability dynamic range (kT): 24.1887
norm = 1, error in norm = 0 (0*epsilon)
Waiting for segments to complete...
pcoords [6.4749107 6.7831826 6.6663814 6.665748  6.8096247 6.8476505 6.8060856
 6.653885  6.8048434 6.756968  7.051379  7.145046  6.9360523 7.1472964
