Updating system with the options from the configuration file
Maximum wallclock time: 1:00:00

Wed Sep 20 11:54:59 2023
Iteration 1 (50 requested)
Beginning iteration 1
50 segments remain in iteration 1 (50 total)
1 of 1 (100.000000%) active bins are populated
per-bin minimum non-zero probability:       1
per-bin maximum probability:                1
per-bin probability dynamic range (kT):     0
per-segment minimum non-zero probability:   0.02
per-segment maximum non-zero probability:   0.02
per-segment probability dynamic range (kT): 0
norm = 1, error in norm = 0 (0*epsilon)
Waiting for segments to complete...
pcoords [[9.594647 ]
 [9.237211 ]
 [9.737483 ]
 [9.481053 ]
 [9.107719 ]
 [9.4125595]
 [9.303299 ]
 [9.413021 ]
 [9.784136 ]
 [9.25263  ]
 [9.428955 ]
 [9.650244 ]
 [9.5331545]
 [9.294066 ]
 [9.324693 ]
 [9.423468 ]
 [9.61676  ]
 [9.607494 ]
 [9.688599 ]
 [9.536399 ]
 [9.657396 ]
 [9.430747 ]
 [9.370946 ]
 [9.499158 ]
 [9.376048 ]
 [9.713723 ]
 [9.510197 ]
 [9.2344   ]
 [9.48461  ]
 [9.478895 ]
 [9.777549 ]
 [9.562486 ]
 [9.590541 ]
 [9.454514 ]
 [9.617396 ]
 [9.649126 ]
 [9.616738 ]
 [9.689538 ]
 [9.666652 ]
 [9.346701 ]
 [9.507789 ]
 [9.301535 ]
 [9.551932 ]
 [9.39115  ]
 [9.544993 ]
 [9.4299755]
 [9.698713 ]
 [9.597126 ]
 [9.615264 ]
 [9.317004 ]]
weights [0.02 0.02 0.02 0.02 0.02 0.02 0.02 0.02 0.02 0.02 0.02 0.02 0.02 0.02
 0.02 0.02 0.02 0.02 0.02 0.02 0.02 0.02 0.02 0.02 0.02 0.02 0.02 0.02
 0.02 0.02 0.02 0.02 0.02 0.02 0.02 0.02 0.02 0.02 0.02 0.02 0.02 0.02
 0.02 0.02 0.02 0.02 0.02 0.02 0.02 0.02]
Initial weight sum:  1.0
-- INFO     [wevo] -- distance_matrix
-- INFO     [wevo] -- 
[[0.         0.35743618 0.14283562 ... 0.0024786  0.02061653 0.2776432 ]
 [0.35743618 0.         0.5002718  ... 0.35991478 0.37805271 0.07979298]
 [0.14283562 0.5002718  0.         ... 0.14035702 0.12221909 0.42047882]
 ...
 [0.0024786  0.35991478 0.14035702 ... 0.         0.01813793 0.2801218 ]
 [0.02061653 0.37805271 0.12221909 ... 0.01813793 0.         0.29825974]
 [0.2776432  0.07979298 0.42047882 ... 0.2801218  0.29825974 0.        ]]
-- INFO     [wevo] -- Starting variance optimization: 6426.979010162057
-- INFO     [wevo] -- WEVO ran for 36 cycles
-- INFO     [wevo] -- 
To split: 50 total: 35 being split 
 [0, 0, 0, 0, 20, 0, 0, 0, 11, 0, 0, 0, 0, 0, 0, 0, 0, 0, 0, 0, 0, 0, 0, 0, 0, 0, 0, 0, 0, 0, 4, 0, 0, 0, 0, 0, 0, 0, 0, 0, 0, 0, 0, 0, 0, 0, 0, 0, 0, 0]
-- INFO     [wevo] -- 
To merge: 50 total: 35 being merged 
 [[47, 17, 48], [], [25, 46], [], [], [], [], [], [], [], [], [], [], [], [], [], [], [], [20, 27, 37], [], [], [], [], [43, 7, 5], [], [], [], [], [], [], [], [14, 42, 49], [], [3, 28, 29], [], [], [16, 34, 9], [], [1, 11, 35], [], [26, 22, 24], [6, 13, 32], [], [], [39, 12, 19], [21, 10, 15], [], [], [], []]
Final variation value after 36 wevo cycles:  60371.246283792294
Bin attrs post WEVO:  <Bin at 0x161efe3c0, label=None, count=50, weight=1>
Total = 50, splitting = 38, merging = 47
Iteration completed successfully
Iteration wallclock: 0:00:00.150219, cputime: 0:00:00


Wed Sep 20 11:54:59 2023
Iteration 2 (50 requested)
Beginning iteration 2
50 segments remain in iteration 2 (50 total)
1 of 1 (100.000000%) active bins are populated
per-bin minimum non-zero probability:       1
per-bin maximum probability:                1
per-bin probability dynamic range (kT):     0
per-segment minimum non-zero probability:   0.000952381
per-segment maximum non-zero probability:   0.08
per-segment probability dynamic range (kT): 4.43082
norm = 1, error in norm = 0 (0*epsilon)
Waiting for segments to complete...
pcoords [[9.027139 ]
 [8.930699 ]
 [9.065294 ]
 [9.179684 ]
 [8.987217 ]
 [8.861317 ]
 [9.34378  ]
 [9.304764 ]
 [9.014217 ]
 [9.179443 ]
 [9.227748 ]
 [9.083416 ]
 [9.189167 ]
 [9.073739 ]
 [9.274424 ]
 [9.135268 ]
 [9.076637 ]
 [8.950756 ]
 [9.18767  ]
 [8.852382 ]
 [9.348279 ]
 [9.8111725]
 [9.666741 ]
 [9.7577305]
 [9.744056 ]
 [9.89258  ]
 [9.853341 ]
 [9.757524 ]
 [9.821704 ]
 [9.901246 ]
 [9.911168 ]
 [9.841636 ]
 [9.716473 ]
 [9.65315  ]
 [9.727275 ]
 [9.771071 ]
 [9.76914  ]
 [9.666463 ]
 [9.930005 ]
 [9.4738245]
 [9.514297 ]
 [9.392512 ]
 [9.409126 ]
 [9.4463215]
 [9.53385  ]
 [9.50859  ]
 [9.382597 ]
 [9.621682 ]
 [9.324801 ]
 [9.517901 ]]
weights [0.00095238 0.00095238 0.00095238 0.00095238 0.00095238 0.00095238
 0.00095238 0.00095238 0.00095238 0.00095238 0.00095238 0.00095238
 0.00095238 0.00095238 0.00095238 0.00095238 0.00095238 0.00095238
 0.00095238 0.00095238 0.00095238 0.00166667 0.00166667 0.00166667
 0.00166667 0.00166667 0.00166667 0.00166667 0.00166667 0.00166667
 0.00166667 0.00166667 0.00166667 0.004      0.004      0.004
 0.004      0.004      0.06       0.08       0.08       0.08
 0.08       0.08       0.08       0.08       0.08       0.08
 0.08       0.08      ]
Initial weight sum:  1.0
-- INFO     [wevo] -- distance_matrix
-- INFO     [wevo] -- 
[[0.         0.09643936 0.03815556 ... 0.59454346 0.29766273 0.49076271]
 [0.09643936 0.         0.13459492 ... 0.69098282 0.3941021  0.58720207]
 [0.03815556 0.13459492 0.         ... 0.5563879  0.25950718 0.45260715]
 ...
 [0.59454346 0.69098282 0.5563879  ... 0.         0.29688072 0.10378075]
 [0.29766273 0.3941021  0.25950718 ... 0.29688072 0.         0.19309998]
 [0.49076271 0.58720207 0.45260715 ... 0.10378075 0.19309998 0.        ]]
-- INFO     [wevo] -- Starting variance optimization: 84255.5440928189
-- INFO     [wevo] -- WEVO ran for 37 cycles
-- INFO     [wevo] -- 
To split: 50 total: 36 being split 
 [0, 0, 0, 0, 0, 5, 0, 0, 0, 0, 0, 0, 0, 0, 0, 0, 0, 0, 0, 13, 0, 0, 0, 0, 0, 0, 0, 0, 0, 0, 0, 0, 0, 0, 0, 0, 0, 0, 18, 0, 0, 0, 0, 0, 0, 0, 0, 0, 0, 0]
-- INFO     [wevo] -- 
To merge: 50 total: 36 being merged 
 [[], [], [], [], [], [], [], [], [], [], [], [], [], [], [], [], [48, 11], [], [], [], [], [], [43], [], [], [], [], [], [], [], [], [], [], [], [], [], [], [], [], [34, 0, 28], [21, 26, 29], [14, 10, 3, 33, 27, 35], [20, 6, 7, 37, 24, 8], [], [17, 25], [36, 30], [12, 18, 9, 15, 32, 13, 2, 23], [], [], [4, 31, 1]]
Final variation value after 37 wevo cycles:  348839.8444226209
Bin attrs post WEVO:  <Bin at 0x161efe580, label=None, count=50, weight=1>
Total = 50, splitting = 39, merging = 46
Iteration completed successfully
Iteration wallclock: 0:00:00.143495, cputime: 0:00:00


Wed Sep 20 11:55:00 2023
Iteration 3 (50 requested)
Beginning iteration 3
50 segments remain in iteration 3 (50 total)
1 of 1 (100.000000%) active bins are populated
per-bin minimum non-zero probability:       1
per-bin maximum probability:                1
per-bin probability dynamic range (kT):     0
per-segment minimum non-zero probability:   6.80272e-05
per-segment maximum non-zero probability:   0.0925238
per-segment probability dynamic range (kT): 7.21531
norm = 1, error in norm = 2.22045e-16 (1*epsilon)
Waiting for segments to complete...
pcoords [[8.922826 ]
 [9.137138 ]
 [8.906835 ]
 [8.713395 ]
 [8.687597 ]
 [8.844519 ]
 [8.779832 ]
 [8.689287 ]
 [8.8086195]
 [8.976605 ]
 [8.802316 ]
 [8.788797 ]
 [8.890254 ]
 [8.668072 ]
 [8.693692 ]
 [8.772708 ]
 [8.886202 ]
 [8.621152 ]
 [8.562037 ]
 [8.806365 ]
 [9.926142 ]
 [9.770016 ]
 [9.960068 ]
 [9.937462 ]
 [9.96517  ]
 [9.900381 ]
 [9.986026 ]
 [9.932774 ]
 [9.901386 ]
 [9.939645 ]
 [9.905022 ]
 [9.869101 ]
 [9.9159355]
 [9.834616 ]
 [9.967228 ]
 [9.8761   ]
 [9.967663 ]
 [9.768553 ]
 [9.938064 ]
 [9.590187 ]
 [9.253329 ]
 [9.341461 ]
 [9.718733 ]
 [9.652772 ]
 [9.342411 ]
 [9.717418 ]
 [9.3791895]
 [9.2582445]
 [9.563512 ]
 [9.353146 ]]
weights [6.80272109e-05 6.80272109e-05 6.80272109e-05 6.80272109e-05
 6.80272109e-05 6.80272109e-05 6.80272109e-05 6.80272109e-05
 6.80272109e-05 6.80272109e-05 6.80272109e-05 6.80272109e-05
 6.80272109e-05 6.80272109e-05 1.58730159e-04 1.58730159e-04
 1.58730159e-04 1.58730159e-04 1.58730159e-04 1.58730159e-04
 3.15789474e-03 3.15789474e-03 3.15789474e-03 3.15789474e-03
 3.15789474e-03 3.15789474e-03 3.15789474e-03 3.15789474e-03
 3.15789474e-03 3.15789474e-03 3.15789474e-03 3.15789474e-03
 3.15789474e-03 3.15789474e-03 3.15789474e-03 3.15789474e-03
 3.15789474e-03 3.15789474e-03 3.15789474e-03 8.00000000e-02
 8.16666667e-02 8.19047619e-02 8.26190476e-02 8.35714286e-02
 8.50000000e-02 8.56666667e-02 8.66190476e-02 8.90476190e-02
 8.94761905e-02 9.25238095e-02]
Initial weight sum:  1.0
-- INFO     [wevo] -- distance_matrix
-- INFO     [wevo] -- 
[[0.         0.21431255 0.01599121 ... 0.3354187  0.64068604 0.43031979]
 [0.21431255 0.         0.23030376 ... 0.12110615 0.42637348 0.21600723]
 [0.01599121 0.23030376 0.         ... 0.35140991 0.65667725 0.446311  ]
 ...
 [0.3354187  0.12110615 0.35140991 ... 0.         0.30526733 0.09490108]
 [0.64068604 0.42637348 0.65667725 ... 0.30526733 0.         0.21036625]
 [0.43031979 0.21600723 0.446311   ... 0.09490108 0.21036625 0.        ]]
-- INFO     [wevo] -- Starting variance optimization: 449273.44544253894
-- INFO     [wevo] -- WEVO ran for 32 cycles
-- INFO     [wevo] -- 
To split: 50 total: 31 being split 
 [0, 0, 0, 0, 0, 0, 0, 0, 0, 0, 0, 0, 0, 0, 0, 0, 0, 0, 19, 0, 0, 0, 1, 0, 1, 0, 7, 0, 0, 0, 0, 0, 0, 0, 1, 0, 2, 0, 0, 0, 0, 0, 0, 0, 0, 0, 0, 0, 0, 0]
-- INFO     [wevo] -- 
To merge: 50 total: 31 being merged 
 [[], [], [], [], [], [], [], [], [], [], [], [], [], [], [], [], [], [], [], [], [], [], [], [], [], [], [], [], [], [], [], [], [], [], [], [], [], [], [], [], [37, 19, 6, 15, 33, 4, 14, 13, 28, 27], [1, 9, 0, 2, 12, 16, 5, 8, 10, 21, 7, 35, 20], [], [], [11, 3, 31, 32], [], [25, 23], [30, 38], [], []]
Final variation value after 32 wevo cycles:  903596.5858524218
Bin attrs post WEVO:  <Bin at 0x161f33ba0, label=None, count=50, weight=1>
Total = 50, splitting = 37, merging = 36
Iteration completed successfully
Iteration wallclock: 0:00:00.139833, cputime: 0:00:00


Wed Sep 20 11:55:00 2023
Iteration 4 (50 requested)
Beginning iteration 4
50 segments remain in iteration 4 (50 total)
1 of 1 (100.000000%) active bins are populated
per-bin minimum non-zero probability:       1
per-bin maximum probability:                1
per-bin probability dynamic range (kT):     0
per-segment minimum non-zero probability:   7.93651e-06
per-segment maximum non-zero probability:   0.0953634
per-segment probability dynamic range (kT): 9.39398
norm = 1, error in norm = 0 (0*epsilon)
Waiting for segments to complete...
pcoords [[8.829705 ]
 [8.688188 ]
 [8.531719 ]
 [8.621846 ]
 [8.487301 ]
 [8.494312 ]
 [8.316164 ]
 [8.561159 ]
 [8.701417 ]
 [8.475675 ]
 [8.608597 ]
 [8.728252 ]
 [8.703581 ]
 [8.432108 ]
 [8.550112 ]
 [8.485652 ]
 [8.513788 ]
 [8.5652075]
 [8.387744 ]
 [8.516554 ]
 [8.723609 ]
 [9.958771 ]
 [9.688603 ]
 [9.969667 ]
 [9.996393 ]
 [9.940559 ]
 [9.798525 ]
 [9.931685 ]
 [9.9887   ]
 [9.837301 ]
 [9.89879  ]
 [9.969448 ]
 [9.976666 ]
 [9.74254  ]
 [9.765055 ]
 [9.804314 ]
 [9.95812  ]
 [9.930202 ]
 [9.93733  ]
 [9.744952 ]
 [9.398481 ]
 [9.735712 ]
 [9.945554 ]
 [9.85647  ]
 [9.170916 ]
 [9.301183 ]
 [9.213989 ]
 [9.309338 ]
 [9.075647 ]
 [9.841261 ]]
weights [7.93650794e-06 7.93650794e-06 7.93650794e-06 7.93650794e-06
 7.93650794e-06 7.93650794e-06 7.93650794e-06 7.93650794e-06
 7.93650794e-06 7.93650794e-06 7.93650794e-06 7.93650794e-06
 7.93650794e-06 7.93650794e-06 7.93650794e-06 7.93650794e-06
 7.93650794e-06 7.93650794e-06 7.93650794e-06 7.93650794e-06
 1.58730159e-04 3.94736842e-04 3.94736842e-04 3.94736842e-04
 3.94736842e-04 3.94736842e-04 3.94736842e-04 3.94736842e-04
 3.94736842e-04 1.05263158e-03 1.05263158e-03 1.05263158e-03
 1.57894737e-03 1.57894737e-03 1.57894737e-03 1.57894737e-03
 1.57894737e-03 1.57894737e-03 3.15789474e-03 8.00000000e-02
 8.26190476e-02 8.35714286e-02 8.56666667e-02 8.94761905e-02
 9.14518439e-02 9.21494212e-02 9.25238095e-02 9.29348371e-02
 9.49785177e-02 9.53634085e-02]
Initial weight sum:  1.0
-- INFO     [wevo] -- distance_matrix
-- INFO     [wevo] -- 
[[0.         0.14151764 0.29798603 ... 0.47963238 0.24594212 1.01155567]
 [0.14151764 0.         0.15646839 ... 0.62115002 0.38745975 1.15307331]
 [0.29798603 0.15646839 0.         ... 0.77761841 0.54392815 1.3095417 ]
 ...
 [0.47963238 0.62115002 0.77761841 ... 0.         0.23369026 0.53192329]
 [0.24594212 0.38745975 0.54392815 ... 0.23369026 0.         0.76561356]
 [1.01155567 1.15307331 1.3095417  ... 0.53192329 0.76561356 0.        ]]
-- INFO     [wevo] -- Starting variance optimization: 871453.9523591187
-- INFO     [wevo] -- WEVO ran for 34 cycles
-- INFO     [wevo] -- 
To split: 50 total: 33 being split 
 [0, 0, 0, 0, 0, 0, 21, 0, 0, 0, 0, 0, 0, 0, 0, 0, 0, 0, 0, 0, 0, 0, 0, 0, 1, 0, 0, 0, 0, 0, 0, 0, 1, 0, 0, 0, 0, 0, 0, 0, 0, 0, 10, 0, 0, 0, 0, 0, 0, 0]
-- INFO     [wevo] -- 
To merge: 50 total: 33 being merged 
 [[], [], [], [], [], [], [], [], [], [], [], [], [], [], [], [], [], [], [], [], [], [], [], [], [], [], [], [], [], [], [], [], [], [], [], [], [], [], [46, 22, 11, 10, 34, 16], [], [2, 19, 29, 5, 4, 15, 9, 30, 13, 27, 25, 37], [], [], [], [12, 8, 1, 20, 3, 33, 26, 17, 7, 14, 35, 18], [0, 21, 23], [], [], [], []]
Final variation value after 34 wevo cycles:  1691215.2553373463
Bin attrs post WEVO:  <Bin at 0x161f33740, label=None, count=50, weight=1>
Total = 50, splitting = 37, merging = 37
Iteration completed successfully
Iteration wallclock: 0:00:00.141978, cputime: 0:00:00


Wed Sep 20 11:55:00 2023
Iteration 5 (50 requested)
Beginning iteration 5
50 segments remain in iteration 5 (50 total)
1 of 1 (100.000000%) active bins are populated
per-bin minimum non-zero probability:       1
per-bin maximum probability:                1
per-bin probability dynamic range (kT):     0
per-segment minimum non-zero probability:   3.6075e-07
per-segment maximum non-zero probability:   0.0976792
per-segment probability dynamic range (kT): 12.509
norm = 1, error in norm = -1.11022e-16 (-0.5*epsilon)
Waiting for segments to complete...
pcoords [[8.282472 ]
 [8.227213 ]
 [8.217434 ]
 [8.648365 ]
 [8.249757 ]
 [8.444621 ]
 [8.404988 ]
 [8.310314 ]
 [8.444172 ]
 [8.263069 ]
 [8.340978 ]
 [8.211295 ]
 [8.412257 ]
 [8.322018 ]
 [8.340403 ]
 [8.260401 ]
 [8.2589855]
 [8.364925 ]
 [8.3359995]
 [8.231267 ]
 [8.410231 ]
 [8.248599 ]
 [9.665383 ]
 [9.935962 ]
 [9.704988 ]
 [9.750049 ]
 [9.848376 ]
 [9.968133 ]
 [9.84378  ]
 [9.927118 ]
 [9.69858  ]
 [9.648571 ]
 [9.94119  ]
 [9.845553 ]
 [9.975942 ]
 [9.904822 ]
 [9.912656 ]
 [9.960195 ]
 [9.726087 ]
 [9.844461 ]
 [9.628196 ]
 [9.672421 ]
 [9.072986 ]
 [9.603331 ]
 [9.4166155]
 [9.358714 ]
 [8.803473 ]
 [9.592699 ]
 [9.8148365]
 [9.464003 ]]
weights [3.60750361e-07 3.60750361e-07 3.60750361e-07 3.60750361e-07
 3.60750361e-07 3.60750361e-07 3.60750361e-07 3.60750361e-07
 3.60750361e-07 3.60750361e-07 3.60750361e-07 3.60750361e-07
 3.60750361e-07 3.60750361e-07 3.60750361e-07 3.60750361e-07
 3.60750361e-07 3.60750361e-07 3.60750361e-07 3.60750361e-07
 3.60750361e-07 3.60750361e-07 1.97368421e-04 1.97368421e-04
 3.94736842e-04 7.89473684e-04 7.89473684e-04 1.05263158e-03
 1.57894737e-03 7.78787879e-03 7.78787879e-03 7.78787879e-03
 7.78787879e-03 7.78787879e-03 7.78787879e-03 7.78787879e-03
 7.78787879e-03 7.78787879e-03 7.78787879e-03 7.78787879e-03
 8.00000000e-02 8.35714286e-02 8.71482874e-02 8.94761905e-02
 9.29348371e-02 9.29468314e-02 9.49785177e-02 9.52266977e-02
 9.53634085e-02 9.76791980e-02]
Initial weight sum:  1.0
-- INFO     [wevo] -- distance_matrix
-- INFO     [wevo] -- 
[[0.         0.05525875 0.06503773 ... 1.31022739 1.53236485 1.18153095]
 [0.05525875 0.         0.00977898 ... 1.36548615 1.5876236  1.2367897 ]
 [0.06503773 0.00977898 0.         ... 1.37526512 1.59740257 1.24656868]
 ...
 [1.31022739 1.36548615 1.37526512 ... 0.         0.22213745 0.12869644]
 [1.53236485 1.5876236  1.59740257 ... 0.22213745 0.         0.35083389]
 [1.18153095 1.2367897  1.24656868 ... 0.12869644 0.35083389 0.        ]]
-- INFO     [wevo] -- Starting variance optimization: 1275548.0031008234
-- INFO     [wevo] -- WEVO ran for 26 cycles
-- INFO     [wevo] -- 
To split: 50 total: 25 being split 
 [0, 2, 3, 0, 0, 0, 0, 0, 0, 0, 0, 4, 0, 0, 0, 0, 0, 0, 0, 2, 0, 1, 0, 0, 0, 0, 0, 0, 0, 0, 0, 0, 1, 0, 9, 0, 0, 3, 0, 0, 0, 0, 0, 0, 0, 0, 0, 0, 0, 0]
-- INFO     [wevo] -- 
To merge: 50 total: 25 being merged 
 [[], [], [], [], [], [], [], [], [], [], [], [], [], [], [], [], [], [], [], [], [], [], [], [], [], [], [], [], [], [], [], [], [], [], [], [], [29], [], [], [40, 38], [], [33, 35], [3, 22, 31, 24, 5, 25, 8, 12, 20, 6, 26, 17, 28, 10, 14, 18, 23, 13, 7], [30], [], [], [], [], [], []]
Final variation value after 26 wevo cycles:  1874165.6710293388
Bin attrs post WEVO:  <Bin at 0x161f7a4a0, label=None, count=50, weight=1>
Total = 50, splitting = 33, merging = 30
Iteration completed successfully
Iteration wallclock: 0:00:00.130973, cputime: 0:00:00


Wed Sep 20 11:55:00 2023
Iteration 6 (50 requested)
Beginning iteration 6
50 segments remain in iteration 6 (50 total)
1 of 1 (100.000000%) active bins are populated
per-bin minimum non-zero probability:       1
per-bin maximum probability:                1
per-bin probability dynamic range (kT):     0
per-segment minimum non-zero probability:   7.21501e-08
per-segment maximum non-zero probability:   0.0991472
per-segment probability dynamic range (kT): 14.1334
norm = 1, error in norm = 0 (0*epsilon)
Waiting for segments to complete...
pcoords [[8.272126 ]
 [8.283005 ]
 [8.256118 ]
 [8.160924 ]
 [8.05272  ]
 [8.123482 ]
 [8.256741 ]
 [8.1419935]
 [8.220449 ]
 [8.310662 ]
 [8.321936 ]
 [8.0268955]
 [8.174246 ]
 [8.270958 ]
 [8.159358 ]
 [8.417765 ]
 [8.444698 ]
 [8.233021 ]
 [8.208284 ]
 [8.142226 ]
 [8.367318 ]
 [8.170228 ]
 [9.936489 ]
 [9.961328 ]
 [9.839992 ]
 [9.892832 ]
 [9.805862 ]
 [9.691781 ]
 [9.727139 ]
 [9.848397 ]
 [9.8879595]
 [9.990792 ]
 [9.801443 ]
 [9.833801 ]
 [9.958667 ]
 [9.879994 ]
 [9.71425  ]
 [9.9276495]
 [9.989716 ]
 [9.886862 ]
 [9.631505 ]
 [9.316622 ]
 [8.831787 ]
 [9.440694 ]
 [9.680568 ]
 [9.773335 ]
 [9.820226 ]
 [9.443131 ]
 [8.977729 ]
 [9.752173 ]]
weights [7.21500722e-08 7.21500722e-08 7.21500722e-08 7.21500722e-08
 7.21500722e-08 9.01875902e-08 9.01875902e-08 9.01875902e-08
 9.01875902e-08 1.20250120e-07 1.20250120e-07 1.20250120e-07
 1.20250120e-07 1.20250120e-07 1.20250120e-07 1.80375180e-07
 1.80375180e-07 3.60750361e-07 3.60750361e-07 3.60750361e-07
 3.60750361e-07 3.60750361e-07 7.78787879e-04 7.78787879e-04
 7.78787879e-04 7.78787879e-04 7.78787879e-04 7.78787879e-04
 7.78787879e-04 7.78787879e-04 7.78787879e-04 7.78787879e-04
 1.05263158e-03 1.94696970e-03 1.94696970e-03 1.94696970e-03
 1.94696970e-03 3.89393939e-03 3.89393939e-03 1.55757576e-02
 9.29348371e-02 9.29468314e-02 9.49785177e-02 9.52266977e-02
 9.53634085e-02 9.55757576e-02 9.72640693e-02 9.76791980e-02
 9.88878636e-02 9.91471861e-02]
Initial weight sum:  1.0
-- INFO     [wevo] -- distance_matrix
-- INFO     [wevo] -- 
[[0.         0.01087856 0.01600838 ... 1.17100525 0.70560265 1.48004723]
 [0.01087856 0.         0.02688694 ... 1.16012669 0.69472408 1.46916866]
 [0.01600838 0.02688694 0.         ... 1.18701363 0.72161102 1.4960556 ]
 ...
 [1.17100525 1.16012669 1.18701363 ... 0.         0.4654026  0.30904198]
 [0.70560265 0.69472408 0.72161102 ... 0.4654026  0.         0.77444458]
 [1.48004723 1.46916866 1.4960556  ... 0.30904198 0.77444458 0.        ]]
-- INFO     [wevo] -- Starting variance optimization: 1638533.5459515653
-- INFO     [wevo] -- WEVO ran for 30 cycles
-- INFO     [wevo] -- 
To split: 50 total: 29 being split 
 [0, 0, 0, 0, 3, 0, 0, 0, 0, 0, 0, 14, 0, 0, 0, 0, 0, 0, 0, 0, 0, 0, 0, 0, 0, 0, 0, 0, 0, 0, 0, 2, 0, 0, 0, 0, 0, 0, 10, 0, 0, 0, 0, 0, 0, 0, 0, 0, 0, 0]
-- INFO     [wevo] -- 
To merge: 50 total: 29 being merged 
 [[], [], [], [], [], [], [], [], [], [], [], [], [], [], [], [], [], [], [], [], [], [], [], [], [], [], [], [], [], [], [], [], [], [], [], [], [], [], [], [], [], [36, 28, 32, 26, 24, 29, 30], [33, 35, 25], [22], [], [], [], [], [16, 15, 27, 20, 10, 9, 1, 0, 13, 2, 6, 8, 17, 18, 3, 12, 14, 7], []]
Final variation value after 30 wevo cycles:  2446644.518958631
Bin attrs post WEVO:  <Bin at 0x161f239e0, label=None, count=50, weight=1>
Total = 50, splitting = 33, merging = 33
Iteration completed successfully
Iteration wallclock: 0:00:00.137693, cputime: 0:00:00


Wed Sep 20 11:55:00 2023
Iteration 7 (50 requested)
Beginning iteration 7
50 segments remain in iteration 7 (50 total)
1 of 1 (100.000000%) active bins are populated
per-bin minimum non-zero probability:       1
per-bin maximum probability:                1
per-bin probability dynamic range (kT):     0
per-segment minimum non-zero probability:   8.01667e-09
per-segment maximum non-zero probability:   0.0998404
per-segment probability dynamic range (kT): 16.3376
norm = 1, error in norm = -1.11022e-16 (-0.5*epsilon)
Waiting for segments to complete...
pcoords [[8.130608 ]
 [8.020293 ]
 [7.987859 ]
 [8.047469 ]
 [7.8779044]
 [8.1506   ]
 [8.121505 ]
 [7.8942175]
 [8.04586  ]
 [7.9409986]
 [8.04554  ]
 [7.942633 ]
 [7.9321594]
 [8.050932 ]
 [8.22401  ]
 [7.9005218]
 [7.9522886]
 [8.021367 ]
 [8.103464 ]
 [8.304837 ]
 [7.9624224]
 [8.291033 ]
 [9.947853 ]
 [9.74232  ]
 [9.860002 ]
 [9.835083 ]
 [9.955646 ]
 [9.955273 ]
 [9.924277 ]
 [9.9488735]
 [9.952573 ]
 [9.997919 ]
 [9.934637 ]
 [9.913569 ]
 [9.841019 ]
 [9.841526 ]
 [9.75519  ]
 [9.909077 ]
 [9.871934 ]
 [9.808815 ]
 [9.717363 ]
 [9.73602  ]
 [9.859963 ]
 [9.417125 ]
 [9.726349 ]
 [9.226845 ]
 [9.693837 ]
 [8.820541 ]
 [9.051717 ]
 [9.437646 ]]
weights [8.01667468e-09 8.01667468e-09 8.01667468e-09 8.01667468e-09
 8.01667468e-09 8.01667468e-09 8.01667468e-09 8.01667468e-09
 8.01667468e-09 8.01667468e-09 8.01667468e-09 8.01667468e-09
 8.01667468e-09 8.01667468e-09 8.01667468e-09 1.80375180e-08
 1.80375180e-08 1.80375180e-08 1.80375180e-08 9.01875902e-08
 3.60750361e-07 3.60750361e-07 2.59595960e-04 2.59595960e-04
 2.59595960e-04 3.53994490e-04 3.53994490e-04 3.53994490e-04
 3.53994490e-04 3.53994490e-04 3.53994490e-04 3.53994490e-04
 3.53994490e-04 3.53994490e-04 3.53994490e-04 3.53994490e-04
 7.78787879e-04 1.94696970e-03 3.89393939e-03 1.55757576e-02
 9.29348371e-02 9.53634085e-02 9.55757576e-02 9.60054856e-02
 9.72640693e-02 9.76791980e-02 9.91471861e-02 9.96512450e-02
 9.96692549e-02 9.98403720e-02]
Initial weight sum:  1.0
-- INFO     [wevo] -- distance_matrix
-- INFO     [wevo] -- 
[[0.         0.11031437 0.14274883 ... 0.68993378 0.9211092  1.30703831]
 [0.11031437 0.         0.03243446 ... 0.80024815 1.03142357 1.41735268]
 [0.14274883 0.03243446 0.         ... 0.83268261 1.06385803 1.44978714]
 ...
 [0.68993378 0.80024815 0.83268261 ... 0.         0.23117542 0.61710453]
 [0.9211092  1.03142357 1.06385803 ... 0.23117542 0.         0.38592911]
 [1.30703831 1.41735268 1.44978714 ... 0.61710453 0.38592911 0.        ]]
-- INFO     [wevo] -- Starting variance optimization: 2195525.9422281715
-- INFO     [wevo] -- WEVO ran for 24 cycles
-- INFO     [wevo] -- 
To split: 50 total: 23 being split 
 [0, 0, 0, 0, 2, 0, 0, 1, 0, 0, 0, 0, 0, 0, 0, 3, 0, 0, 0, 0, 10, 0, 0, 0, 0, 0, 0, 0, 0, 0, 0, 6, 0, 0, 0, 0, 0, 0, 0, 0, 0, 0, 1, 0, 0, 0, 0, 0, 0, 0]
-- INFO     [wevo] -- 
To merge: 50 total: 23 being merged 
 [[], [], [], [], [], [], [], [], [], [], [], [], [], [], [], [], [], [], [], [], [], [], [], [], [], [], [], [], [], [], [], [], [], [], [], [], [], [], [43], [33], [], [], [], [], [], [36, 25, 34, 35, 24], [], [], [19, 14, 21, 23, 5, 0, 6, 18, 13, 3, 8, 10, 1, 17, 2, 11], []]
Final variation value after 24 wevo cycles:  2972069.9768353365
Bin attrs post WEVO:  <Bin at 0x161f33ba0, label=None, count=50, weight=1>
Total = 50, splitting = 29, merging = 27
Iteration completed successfully
Iteration wallclock: 0:00:00.128736, cputime: 0:00:00


Wed Sep 20 11:55:00 2023
Iteration 8 (50 requested)
Beginning iteration 8
50 segments remain in iteration 8 (50 total)
1 of 1 (100.000000%) active bins are populated
per-bin minimum non-zero probability:       1
per-bin maximum probability:                1
per-bin probability dynamic range (kT):     0
per-segment minimum non-zero probability:   2.67222e-09
per-segment maximum non-zero probability:   0.0999294
per-segment probability dynamic range (kT): 17.4371
norm = 1, error in norm = 0 (0*epsilon)
Waiting for segments to complete...
pcoords [[7.9205823]
 [7.906647 ]
 [7.9991384]
 [7.834544 ]
 [7.8465004]
 [7.759766 ]
 [8.003152 ]
 [8.280588 ]
 [7.574823 ]
 [8.007255 ]
 [8.01     ]
 [8.05237  ]
 [8.08596  ]
 [7.9032884]
 [7.856422 ]
 [7.978005 ]
 [8.1640835]
 [7.738993 ]
 [8.146757 ]
 [7.962758 ]
 [8.0541315]
 [7.9715176]
 [8.08515  ]
 [9.996254 ]
 [9.93368  ]
 [9.980758 ]
 [9.993068 ]
 [9.870625 ]
 [9.896838 ]
 [9.984273 ]
 [9.717605 ]
 [9.846822 ]
 [9.922719 ]
 [9.9720955]
 [9.830654 ]
 [9.764692 ]
 [9.956536 ]
 [9.9707365]
 [9.829617 ]
 [9.756523 ]
 [9.632434 ]
 [9.893903 ]
 [9.742639 ]
 [9.654194 ]
 [9.686054 ]
 [8.78066  ]
 [9.217814 ]
 [9.434444 ]
 [9.3522215]
 [8.982649 ]]
weights [2.67222489e-09 2.67222489e-09 2.67222489e-09 4.00833734e-09
 4.00833734e-09 4.50937951e-09 4.50937951e-09 4.50937951e-09
 4.50937951e-09 8.01667468e-09 8.01667468e-09 1.80375180e-08
 3.27954873e-08 3.27954873e-08 3.27954873e-08 3.27954873e-08
 3.27954873e-08 3.27954873e-08 3.27954873e-08 3.27954873e-08
 3.27954873e-08 3.27954873e-08 3.27954873e-08 5.05706415e-05
 5.05706415e-05 5.05706415e-05 5.05706415e-05 5.05706415e-05
 5.05706415e-05 5.05706415e-05 2.59595960e-04 3.53994490e-04
 3.53994490e-04 3.53994490e-04 3.53994490e-04 3.53994490e-04
 3.53994490e-04 1.94696970e-03 1.59297521e-02 4.77878788e-02
 4.77878788e-02 9.29348371e-02 9.53634085e-02 9.72640693e-02
 9.91471861e-02 9.96512450e-02 9.97795653e-02 9.98403720e-02
 9.98994250e-02 9.99294260e-02]
Initial weight sum:  1.0
-- INFO     [wevo] -- distance_matrix
-- INFO     [wevo] -- 
[[0.         0.01393509 0.07855606 ... 1.51386213 1.43163919 1.06206656]
 [0.01393509 0.         0.09249115 ... 1.52779722 1.44557428 1.07600164]
 [0.07855606 0.09249115 0.         ... 1.43530607 1.35308313 0.98351049]
 ...
 [1.51386213 1.52779722 1.43530607 ... 0.         0.08222294 0.45179558]
 [1.43163919 1.44557428 1.35308313 ... 0.08222294 0.         0.36957264]
 [1.06206656 1.07600164 0.98351049 ... 0.45179558 0.36957264 0.        ]]
-- INFO     [wevo] -- Starting variance optimization: 2556896.9911085777
-- INFO     [wevo] -- WEVO ran for 30 cycles
-- INFO     [wevo] -- 
To split: 50 total: 29 being split 
 [0, 0, 0, 0, 0, 0, 0, 0, 17, 0, 0, 0, 0, 0, 0, 0, 0, 3, 0, 0, 0, 0, 0, 0, 0, 0, 0, 0, 0, 0, 0, 0, 0, 0, 0, 0, 0, 4, 0, 0, 0, 5, 0, 0, 0, 0, 0, 0, 0, 0]
-- INFO     [wevo] -- 
To merge: 50 total: 29 being merged 
 [[], [], [], [], [], [], [], [], [], [], [], [], [], [], [], [], [], [], [], [], [], [], [], [], [], [], [], [], [], [], [], [], [], [], [], [], [], [], [], [], [35, 39, 34, 31], [], [], [], [], [30, 28], [24], [], [], [7, 16, 18, 12, 22, 2, 11, 6, 10, 20, 9, 0, 1, 15, 21, 19, 4, 27, 3, 13, 14, 5]]
Final variation value after 30 wevo cycles:  4141089.6807053685
Bin attrs post WEVO:  <Bin at 0x161f7a580, label=None, count=50, weight=1>
Total = 50, splitting = 33, merging = 33
Iteration completed successfully
Iteration wallclock: 0:00:00.136991, cputime: 0:00:00


Wed Sep 20 11:55:00 2023
Iteration 9 (50 requested)
Beginning iteration 9
50 segments remain in iteration 9 (50 total)
1 of 1 (100.000000%) active bins are populated
per-bin minimum non-zero probability:       1
per-bin maximum probability:                1
per-bin probability dynamic range (kT):     0
per-segment minimum non-zero probability:   2.50521e-10
per-segment maximum non-zero probability:   0.0999804
per-segment probability dynamic range (kT): 19.8047
norm = 1, error in norm = -1.11022e-16 (-0.5*epsilon)
Waiting for segments to complete...
pcoords [[7.8948593]
 [7.765627 ]
 [7.730885 ]
 [7.6183987]
 [7.412329 ]
 [7.3250265]
 [7.6421566]
 [7.6126647]
 [7.468437 ]
 [7.4621625]
 [7.5458555]
 [7.562431 ]
 [7.705802 ]
 [7.2860975]
 [7.643847 ]
 [7.746255 ]
 [7.6155195]
 [7.574226 ]
 [7.733194 ]
 [7.552393 ]
 [7.713501 ]
 [7.6386037]
 [9.866629 ]
 [9.974271 ]
 [9.605536 ]
 [9.891383 ]
 [9.850269 ]
 [9.828647 ]
 [9.841088 ]
 [9.777034 ]
 [9.955744 ]
 [9.939015 ]
 [9.856714 ]
 [9.992796 ]
 [9.698971 ]
 [9.82263  ]
 [9.824275 ]
 [9.946806 ]
 [9.841094 ]
 [9.639325 ]
 [9.748371 ]
 [9.938509 ]
 [9.762363 ]
 [9.337757 ]
 [9.672139 ]
 [9.310972 ]
 [9.308721 ]
 [9.388434 ]
 [8.622986 ]
 [9.078114 ]]
weights [2.50521084e-10 2.50521084e-10 2.50521084e-10 2.50521084e-10
 2.50521084e-10 2.50521084e-10 2.50521084e-10 2.50521084e-10
 2.50521084e-10 2.50521084e-10 2.50521084e-10 2.50521084e-10
 2.50521084e-10 2.50521084e-10 2.50521084e-10 2.50521084e-10
 2.50521084e-10 2.50521084e-10 8.19887184e-09 8.19887184e-09
 8.19887184e-09 8.19887184e-09 5.05706415e-05 5.05706415e-05
 5.05706415e-05 5.05706415e-05 3.53994490e-04 3.53994490e-04
 3.53994490e-04 3.89393939e-04 3.89393939e-04 3.89393939e-04
 3.89393939e-04 3.89393939e-04 1.54891395e-02 1.54891395e-02
 1.54891395e-02 1.54891395e-02 1.54891395e-02 1.54891395e-02
 1.59297521e-02 9.53634085e-02 9.66377410e-02 9.72640693e-02
 9.91471861e-02 9.98301359e-02 9.98403720e-02 9.98994250e-02
 9.99614116e-02 9.99803883e-02]
Initial weight sum:  1.0
-- INFO     [wevo] -- distance_matrix
-- INFO     [wevo] -- 
[[0.         0.12923241 0.16397429 ... 1.4935751  0.72812653 1.18325424]
 [0.12923241 0.         0.03474188 ... 1.6228075  0.85735893 1.31248665]
 [0.16397429 0.03474188 0.         ... 1.65754938 0.89210081 1.34722853]
 ...
 [1.4935751  1.6228075  1.65754938 ... 0.         0.76544857 0.31032085]
 [0.72812653 0.85735893 0.89210081 ... 0.76544857 0.         0.45512772]
 [1.18325424 1.31248665 1.34722853 ... 0.31032085 0.45512772 0.        ]]
-- INFO     [wevo] -- Starting variance optimization: 3776553.9780719713
-- INFO     [wevo] -- WEVO ran for 32 cycles
-- INFO     [wevo] -- 
To split: 50 total: 31 being split 
 [0, 0, 0, 0, 1, 4, 0, 0, 0, 0, 0, 0, 0, 8, 0, 0, 0, 0, 0, 3, 0, 0, 0, 0, 0, 0, 0, 0, 0, 0, 0, 0, 0, 0, 0, 0, 0, 3, 0, 0, 0, 12, 0, 0, 0, 0, 0, 0, 0, 0]
-- INFO     [wevo] -- 
To merge: 50 total: 31 being merged 
 [[], [], [], [], [], [], [], [], [], [], [], [], [], [], [], [], [], [], [], [], [], [], [], [], [], [], [], [], [], [], [], [], [], [], [], [], [], [], [], [], [39, 34, 35, 36, 38], [], [], [29, 27, 28, 26, 32, 31], [], [23], [24, 22, 25], [], [14], [0, 1, 15, 2, 12, 6, 3, 16, 7, 17, 18, 11, 20, 10, 8]]
Final variation value after 32 wevo cycles:  5484748.747741879
Bin attrs post WEVO:  <Bin at 0x161f23120, label=None, count=50, weight=1>
Total = 50, splitting = 37, merging = 37
Iteration completed successfully
Iteration wallclock: 0:00:00.137446, cputime: 0:00:00


Wed Sep 20 11:55:01 2023
Iteration 10 (50 requested)
Beginning iteration 10
50 segments remain in iteration 10 (50 total)
1 of 1 (100.000000%) active bins are populated
per-bin minimum non-zero probability:       1
per-bin maximum probability:                1
per-bin probability dynamic range (kT):     0
per-segment minimum non-zero probability:   2.78357e-11
per-segment maximum non-zero probability:   0.0999921
per-segment probability dynamic range (kT): 22.002
norm = 1, error in norm = 0 (0*epsilon)
Waiting for segments to complete...
pcoords [[7.2766643]
 [7.4437537]
 [7.3820415]
 [7.468707 ]
 [7.2651424]
 [7.1262   ]
 [7.1312547]
 [7.3192124]
 [7.1088185]
 [7.210396 ]
 [7.4818373]
 [7.2543573]
 [7.291033 ]
 [7.4573727]
 [7.105155 ]
 [7.3764186]
 [7.3911076]
 [7.6490746]
 [7.5413327]
 [7.4488387]
 [7.6952934]
 [7.444808 ]
 [9.850483 ]
 [9.922972 ]
 [9.997717 ]
 [9.873197 ]
 [9.59937  ]
 [9.880276 ]
 [9.907733 ]
 [9.6935   ]
 [9.956086 ]
 [9.735696 ]
 [9.8101   ]
 [9.87141  ]
 [9.752136 ]
 [9.989627 ]
 [9.971451 ]
 [9.872062 ]
 [9.756968 ]
 [9.974339 ]
 [9.970184 ]
 [9.839352 ]
 [9.750027 ]
 [9.660485 ]
 [9.2585535]
 [9.343676 ]
 [9.412662 ]
 [8.632978 ]
 [9.142774 ]
 [9.149845 ]]
weights [2.78356760e-11 2.78356760e-11 2.78356760e-11 2.78356760e-11
 2.78356760e-11 2.78356760e-11 2.78356760e-11 2.78356760e-11
 2.78356760e-11 5.01042168e-11 5.01042168e-11 5.01042168e-11
 5.01042168e-11 5.01042168e-11 1.25260542e-10 1.25260542e-10
 2.50521084e-10 2.04971796e-09 2.04971796e-09 2.04971796e-09
 2.04971796e-09 8.19887184e-09 3.89393939e-04 3.89393939e-04
 3.87228488e-03 3.87228488e-03 3.87228488e-03 3.87228488e-03
 7.33564681e-03 7.33564681e-03 7.33564681e-03 7.33564681e-03
 7.33564681e-03 7.33564681e-03 7.33564681e-03 7.33564681e-03
 7.33564681e-03 7.33564681e-03 7.33564681e-03 7.33564681e-03
 7.33564681e-03 9.33754496e-02 9.66377410e-02 9.91471861e-02
 9.94942346e-02 9.98807066e-02 9.98994250e-02 9.99614118e-02
 9.99804079e-02 9.99920840e-02]
Initial weight sum:  1.0
-- INFO     [wevo] -- distance_matrix
-- INFO     [wevo] -- 
[[0.         0.16708946 0.1053772  ... 1.35631418 1.86610937 1.87318087]
 [0.16708946 0.         0.06171227 ... 1.18922472 1.69901991 1.7060914 ]
 [0.1053772  0.06171227 0.         ... 1.25093699 1.76073217 1.76780367]
 ...
 [1.35631418 1.18922472 1.25093699 ... 0.         0.50979519 0.51686668]
 [1.86610937 1.69901991 1.76073217 ... 0.50979519 0.         0.0070715 ]
 [1.87318087 1.7060914  1.76780367 ... 0.51686668 0.0070715  0.        ]]
-- INFO     [wevo] -- Starting variance optimization: 5247192.757569271
-- INFO     [wevo] -- WEVO ran for 26 cycles
-- INFO     [wevo] -- 
To split: 50 total: 25 being split 
 [0, 0, 0, 0, 0, 1, 1, 0, 1, 0, 0, 0, 0, 0, 8, 0, 0, 0, 0, 0, 0, 3, 0, 0, 2, 0, 0, 0, 0, 0, 1, 0, 0, 0, 0, 4, 1, 0, 0, 2, 1, 0, 0, 0, 0, 0, 0, 0, 0, 0]
-- INFO     [wevo] -- 
To merge: 50 total: 25 being merged 
 [[], [], [], [], [], [], [], [], [], [], [], [], [], [], [], [], [], [], [], [], [], [], [], [], [], [], [], [], [], [31, 34, 38, 32, 25, 23, 33, 37, 27], [], [], [], [], [], [], [], [], [], [], [], [26], [], [], [22], [], [], [3, 20, 1, 10, 13, 17, 2, 7, 18, 0, 15, 4, 12, 16], [], []]
Final variation value after 26 wevo cycles:  6569394.839029618
Bin attrs post WEVO:  <Bin at 0x161f8c040, label=None, count=50, weight=1>
Total = 50, splitting = 36, merging = 29
Iteration completed successfully
Iteration wallclock: 0:00:00.128140, cputime: 0:00:00


Wed Sep 20 11:55:01 2023
Iteration 11 (50 requested)
Beginning iteration 11
50 segments remain in iteration 11 (50 total)
1 of 1 (100.000000%) active bins are populated
per-bin minimum non-zero probability:       1
per-bin maximum probability:                1
per-bin probability dynamic range (kT):     0
per-segment minimum non-zero probability:   1.39178e-11
per-segment maximum non-zero probability:   0.0999921
per-segment probability dynamic range (kT): 22.6952
norm = 1, error in norm = 0 (0*epsilon)
Waiting for segments to complete...
pcoords [[7.0205827]
 [7.3908615]
 [7.0088353]
 [7.1671534]
 [6.8995905]
 [7.2895784]
 [7.351601 ]
 [7.187577 ]
 [7.2380958]
 [7.2788386]
 [7.3328776]
 [7.265278 ]
 [7.0873055]
 [7.2507873]
 [7.247828 ]
 [6.9851594]
 [7.514351 ]
 [7.4660597]
 [7.6078053]
 [7.5550747]
 [7.5455246]
 [7.5665545]
 [9.904212 ]
 [9.978907 ]
 [9.905565 ]
 [9.83261  ]
 [9.909803 ]
 [9.888003 ]
 [9.851675 ]
 [9.878889 ]
 [9.696624 ]
 [9.760545 ]
 [9.692642 ]
 [9.937844 ]
 [9.800708 ]
 [9.9946995]
 [9.934176 ]
 [9.787492 ]
 [9.985571 ]
 [9.981469 ]
 [9.447917 ]
 [9.811707 ]
 [9.911714 ]
 [9.804509 ]
 [9.442377 ]
 [9.5078945]
 [9.531861 ]
 [8.438421 ]
 [8.946842 ]
 [8.998313 ]]
weights [1.39178380e-11 1.39178380e-11 1.39178380e-11 1.39178380e-11
 1.39178380e-11 1.39178380e-11 1.39178380e-11 1.39178380e-11
 1.39178380e-11 1.39178380e-11 1.39178380e-11 1.39178380e-11
 1.39178380e-11 1.39178380e-11 1.39178380e-11 5.01042168e-11
 5.01042168e-11 2.04971796e-09 2.04971796e-09 2.04971796e-09
 2.04971796e-09 2.04971796e-09 1.29076163e-03 1.29076163e-03
 1.29076163e-03 1.46712936e-03 1.46712936e-03 1.46712936e-03
 1.46712936e-03 1.46712936e-03 2.44521560e-03 2.44521560e-03
 2.44521560e-03 3.66782340e-03 3.66782340e-03 3.66782340e-03
 3.66782340e-03 3.66782340e-03 3.66782340e-03 7.33564681e-03
 5.94834914e-02 9.66377410e-02 9.72477345e-02 9.91471861e-02
 9.98807066e-02 9.98836285e-02 9.98994250e-02 9.99614187e-02
 9.99804079e-02 9.99920840e-02]
Initial weight sum:  1.0
-- INFO     [wevo] -- distance_matrix
-- INFO     [wevo] -- 
[[0.         0.37027884 0.01174736 ... 1.41783857 1.92625952 1.97773027]
 [0.37027884 0.         0.3820262  ... 1.04755974 1.55598068 1.60745144]
 [0.01174736 0.3820262  0.         ... 1.42958593 1.93800688 1.98947763]
 ...
 [1.41783857 1.04755974 1.42958593 ... 0.         0.50842094 0.5598917 ]
 [1.92625952 1.55598068 1.93800688 ... 0.50842094 0.         0.05147076]
 [1.97773027 1.60745144 1.98947763 ... 0.5598917  0.05147076 0.        ]]
-- INFO     [wevo] -- Starting variance optimization: 5358288.652612344
-- INFO     [wevo] -- WEVO ran for 22 cycles
-- INFO     [wevo] -- 
To split: 50 total: 21 being split 
 [1, 0, 1, 0, 4, 0, 0, 0, 0, 0, 0, 0, 0, 0, 0, 8, 0, 0, 0, 0, 0, 0, 0, 0, 0, 0, 0, 0, 0, 0, 0, 0, 0, 0, 0, 2, 0, 0, 1, 2, 0, 0, 2, 0, 0, 0, 0, 0, 0, 0]
-- INFO     [wevo] -- 
To merge: 50 total: 21 being merged 
 [[], [], [], [], [], [], [], [], [], [], [], [], [], [], [], [], [], [], [], [], [], [], [], [], [], [], [], [], [], [], [], [], [], [], [], [], [], [], [], [], [32, 30, 31, 37, 34, 25, 28], [], [], [], [], [], [], [], [16, 1, 6, 10, 18, 5, 9, 11, 13, 14, 21, 8, 19, 20], []]
Final variation value after 22 wevo cycles:  6687998.064431815
Bin attrs post WEVO:  <Bin at 0x161f234a0, label=None, count=50, weight=1>
Total = 50, splitting = 29, merging = 23
Iteration completed successfully
Iteration wallclock: 0:00:00.123320, cputime: 0:00:00


Wed Sep 20 11:55:01 2023
Iteration 12 (50 requested)
Beginning iteration 12
50 segments remain in iteration 12 (50 total)
1 of 1 (100.000000%) active bins are populated
per-bin minimum non-zero probability:       1
per-bin maximum probability:                1
per-bin probability dynamic range (kT):     0
per-segment minimum non-zero probability:   2.78357e-12
per-segment maximum non-zero probability:   0.0999921
per-segment probability dynamic range (kT): 24.3046
norm = 1, error in norm = 2.22045e-16 (1*epsilon)
Waiting for segments to complete...
pcoords [[6.8201337]
 [7.325588 ]
 [6.74183  ]
 [6.9247108]
 [7.022841 ]
 [6.9853125]
 [7.177082 ]
 [7.0814524]
 [6.7792997]
 [6.976641 ]
 [6.6258173]
 [6.9858637]
 [7.0150394]
 [7.112928 ]
 [7.028525 ]
 [7.105481 ]
 [6.955315 ]
 [7.0586987]
 [7.034599 ]
 [7.182998 ]
 [7.265107 ]
 [7.7760687]
 [9.971238 ]
 [9.743765 ]
 [9.586044 ]
 [9.928054 ]
 [9.92662  ]
 [9.7492285]
 [9.894472 ]
 [9.695127 ]
 [9.953823 ]
 [9.966918 ]
 [9.838143 ]
 [9.9903145]
 [9.967263 ]
 [9.991792 ]
 [9.7326145]
 [9.896855 ]
 [9.852886 ]
 [9.944421 ]
 [9.711897 ]
 [9.613282 ]
 [9.877644 ]
 [9.711159 ]
 [9.363239 ]
 [9.588311 ]
 [9.449087 ]
 [8.57474  ]
 [8.99118  ]
 [8.971521 ]]
weights [2.78356760e-12 2.78356760e-12 2.78356760e-12 2.78356760e-12
 2.78356760e-12 5.56713520e-12 5.56713520e-12 5.56713520e-12
 5.56713520e-12 5.56713520e-12 5.56713520e-12 5.56713520e-12
 5.56713520e-12 5.56713520e-12 6.95891900e-12 6.95891900e-12
 6.95891900e-12 6.95891900e-12 1.39178380e-11 1.39178380e-11
 1.39178380e-11 2.04971796e-09 1.22260780e-03 1.22260780e-03
 1.22260780e-03 1.29076163e-03 1.29076163e-03 1.29076163e-03
 1.46712936e-03 1.46712936e-03 1.46712936e-03 1.83391170e-03
 1.83391170e-03 2.44521560e-03 2.44521560e-03 2.44521560e-03
 3.66782340e-03 3.66782340e-03 3.24159115e-02 3.24159115e-02
 3.24159115e-02 7.70890437e-02 9.66377410e-02 9.91471861e-02
 9.98807066e-02 9.98836285e-02 9.98994250e-02 9.99614187e-02
 9.99804163e-02 9.99920840e-02]
Initial weight sum:  1.0000000000000002
-- INFO     [wevo] -- distance_matrix
-- INFO     [wevo] -- 
[[0.         0.50545454 0.07830381 ... 1.75460672 2.17104673 2.15138769]
 [0.50545454 0.         0.58375835 ... 1.24915218 1.66559219 1.64593315]
 [0.07830381 0.58375835 0.         ... 1.83291054 2.24935055 2.22969151]
 ...
 [1.75460672 1.24915218 1.83291054 ... 0.         0.41644001 0.39678097]
 [2.17104673 1.66559219 2.24935055 ... 0.41644001 0.         0.01965904]
 [2.15138769 1.64593315 2.22969151 ... 0.39678097 0.01965904 0.        ]]
