wevo - INFO - distance_matrix
wevo - INFO - 
[[0.         0.35743618 0.14283562 ... 0.0024786  0.02061653 0.2776432 ]
 [0.35743618 0.         0.5002718  ... 0.35991478 0.37805271 0.07979298]
 [0.14283562 0.5002718  0.         ... 0.14035702 0.12221909 0.42047882]
 ...
 [0.0024786  0.35991478 0.14035702 ... 0.         0.01813793 0.2801218 ]
 [0.02061653 0.37805271 0.12221909 ... 0.01813793 0.         0.29825974]
 [0.2776432  0.07979298 0.42047882 ... 0.2801218  0.29825974 0.        ]]
wevo - INFO - Starting variance optimization: 6426.979010162057
wevo - INFO - WEVO ran for 36 cycles
wevo - INFO - 
To split: 50 total: 35 being split 
 [0, 0, 0, 0, 20, 0, 0, 0, 11, 0, 0, 0, 0, 0, 0, 0, 0, 0, 0, 0, 0, 0, 0, 0, 0, 0, 0, 0, 0, 0, 4, 0, 0, 0, 0, 0, 0, 0, 0, 0, 0, 0, 0, 0, 0, 0, 0, 0, 0, 0]
wevo - INFO - 
To merge: 50 total: 35 being merged 
 [[47, 17, 48], [], [25, 46], [], [], [], [], [], [], [], [], [], [], [], [], [], [], [], [20, 27, 37], [], [], [], [], [43, 7, 5], [], [], [], [], [], [], [], [14, 42, 49], [], [3, 28, 29], [], [], [16, 34, 9], [], [1, 11, 35], [], [26, 22, 24], [6, 13, 32], [], [], [39, 12, 19], [21, 10, 15], [], [], [], []]
wevo - INFO - distance_matrix
wevo - INFO - 
[[0.         0.09643936 0.03815556 ... 0.59454346 0.29766273 0.49076271]
 [0.09643936 0.         0.13459492 ... 0.69098282 0.3941021  0.58720207]
 [0.03815556 0.13459492 0.         ... 0.5563879  0.25950718 0.45260715]
 ...
 [0.59454346 0.69098282 0.5563879  ... 0.         0.29688072 0.10378075]
 [0.29766273 0.3941021  0.25950718 ... 0.29688072 0.         0.19309998]
 [0.49076271 0.58720207 0.45260715 ... 0.10378075 0.19309998 0.        ]]
wevo - INFO - Starting variance optimization: 84255.5440928189
wevo - INFO - WEVO ran for 37 cycles
wevo - INFO - 
To split: 50 total: 36 being split 
 [0, 0, 0, 0, 0, 5, 0, 0, 0, 0, 0, 0, 0, 0, 0, 0, 0, 0, 0, 13, 0, 0, 0, 0, 0, 0, 0, 0, 0, 0, 0, 0, 0, 0, 0, 0, 0, 0, 18, 0, 0, 0, 0, 0, 0, 0, 0, 0, 0, 0]
wevo - INFO - 
To merge: 50 total: 36 being merged 
 [[], [], [], [], [], [], [], [], [], [], [], [], [], [], [], [], [48, 11], [], [], [], [], [], [43], [], [], [], [], [], [], [], [], [], [], [], [], [], [], [], [], [34, 0, 28], [21, 26, 29], [14, 10, 3, 33, 27, 35], [20, 6, 7, 37, 24, 8], [], [17, 25], [36, 30], [12, 18, 9, 15, 32, 13, 2, 23], [], [], [4, 31, 1]]
wevo - INFO - distance_matrix
wevo - INFO - 
[[0.         0.21431255 0.01599121 ... 0.3354187  0.64068604 0.43031979]
 [0.21431255 0.         0.23030376 ... 0.12110615 0.42637348 0.21600723]
 [0.01599121 0.23030376 0.         ... 0.35140991 0.65667725 0.446311  ]
 ...
 [0.3354187  0.12110615 0.35140991 ... 0.         0.30526733 0.09490108]
 [0.64068604 0.42637348 0.65667725 ... 0.30526733 0.         0.21036625]
 [0.43031979 0.21600723 0.446311   ... 0.09490108 0.21036625 0.        ]]
wevo - INFO - Starting variance optimization: 449273.44544253894
wevo - INFO - WEVO ran for 32 cycles
wevo - INFO - 
To split: 50 total: 31 being split 
 [0, 0, 0, 0, 0, 0, 0, 0, 0, 0, 0, 0, 0, 0, 0, 0, 0, 0, 19, 0, 0, 0, 1, 0, 1, 0, 7, 0, 0, 0, 0, 0, 0, 0, 1, 0, 2, 0, 0, 0, 0, 0, 0, 0, 0, 0, 0, 0, 0, 0]
wevo - INFO - 
To merge: 50 total: 31 being merged 
 [[], [], [], [], [], [], [], [], [], [], [], [], [], [], [], [], [], [], [], [], [], [], [], [], [], [], [], [], [], [], [], [], [], [], [], [], [], [], [], [], [37, 19, 6, 15, 33, 4, 14, 13, 28, 27], [1, 9, 0, 2, 12, 16, 5, 8, 10, 21, 7, 35, 20], [], [], [11, 3, 31, 32], [], [25, 23], [30, 38], [], []]
wevo - INFO - distance_matrix
wevo - INFO - 
[[0.         0.14151764 0.29798603 ... 0.47963238 0.24594212 1.01155567]
 [0.14151764 0.         0.15646839 ... 0.62115002 0.38745975 1.15307331]
 [0.29798603 0.15646839 0.         ... 0.77761841 0.54392815 1.3095417 ]
 ...
 [0.47963238 0.62115002 0.77761841 ... 0.         0.23369026 0.53192329]
 [0.24594212 0.38745975 0.54392815 ... 0.23369026 0.         0.76561356]
 [1.01155567 1.15307331 1.3095417  ... 0.53192329 0.76561356 0.        ]]
wevo - INFO - Starting variance optimization: 871453.9523591187
wevo - INFO - WEVO ran for 34 cycles
wevo - INFO - 
To split: 50 total: 33 being split 
 [0, 0, 0, 0, 0, 0, 21, 0, 0, 0, 0, 0, 0, 0, 0, 0, 0, 0, 0, 0, 0, 0, 0, 0, 1, 0, 0, 0, 0, 0, 0, 0, 1, 0, 0, 0, 0, 0, 0, 0, 0, 0, 10, 0, 0, 0, 0, 0, 0, 0]
wevo - INFO - 
To merge: 50 total: 33 being merged 
 [[], [], [], [], [], [], [], [], [], [], [], [], [], [], [], [], [], [], [], [], [], [], [], [], [], [], [], [], [], [], [], [], [], [], [], [], [], [], [46, 22, 11, 10, 34, 16], [], [2, 19, 29, 5, 4, 15, 9, 30, 13, 27, 25, 37], [], [], [], [12, 8, 1, 20, 3, 33, 26, 17, 7, 14, 35, 18], [0, 21, 23], [], [], [], []]
wevo - INFO - distance_matrix
wevo - INFO - 
[[0.         0.05525875 0.06503773 ... 1.31022739 1.53236485 1.18153095]
 [0.05525875 0.         0.00977898 ... 1.36548615 1.5876236  1.2367897 ]
 [0.06503773 0.00977898 0.         ... 1.37526512 1.59740257 1.24656868]
 ...
 [1.31022739 1.36548615 1.37526512 ... 0.         0.22213745 0.12869644]
 [1.53236485 1.5876236  1.59740257 ... 0.22213745 0.         0.35083389]
 [1.18153095 1.2367897  1.24656868 ... 0.12869644 0.35083389 0.        ]]
wevo - INFO - Starting variance optimization: 1275548.0031008234
wevo - INFO - WEVO ran for 26 cycles
wevo - INFO - 
To split: 50 total: 25 being split 
 [0, 2, 3, 0, 0, 0, 0, 0, 0, 0, 0, 4, 0, 0, 0, 0, 0, 0, 0, 2, 0, 1, 0, 0, 0, 0, 0, 0, 0, 0, 0, 0, 1, 0, 9, 0, 0, 3, 0, 0, 0, 0, 0, 0, 0, 0, 0, 0, 0, 0]
wevo - INFO - 
To merge: 50 total: 25 being merged 
 [[], [], [], [], [], [], [], [], [], [], [], [], [], [], [], [], [], [], [], [], [], [], [], [], [], [], [], [], [], [], [], [], [], [], [], [], [29], [], [], [40, 38], [], [33, 35], [3, 22, 31, 24, 5, 25, 8, 12, 20, 6, 26, 17, 28, 10, 14, 18, 23, 13, 7], [30], [], [], [], [], [], []]
wevo - INFO - distance_matrix
wevo - INFO - 
[[0.         0.01087856 0.01600838 ... 1.17100525 0.70560265 1.48004723]
 [0.01087856 0.         0.02688694 ... 1.16012669 0.69472408 1.46916866]
 [0.01600838 0.02688694 0.         ... 1.18701363 0.72161102 1.4960556 ]
 ...
 [1.17100525 1.16012669 1.18701363 ... 0.         0.4654026  0.30904198]
 [0.70560265 0.69472408 0.72161102 ... 0.4654026  0.         0.77444458]
 [1.48004723 1.46916866 1.4960556  ... 0.30904198 0.77444458 0.        ]]
wevo - INFO - Starting variance optimization: 1638533.5459515653
wevo - INFO - WEVO ran for 30 cycles
wevo - INFO - 
To split: 50 total: 29 being split 
 [0, 0, 0, 0, 3, 0, 0, 0, 0, 0, 0, 14, 0, 0, 0, 0, 0, 0, 0, 0, 0, 0, 0, 0, 0, 0, 0, 0, 0, 0, 0, 2, 0, 0, 0, 0, 0, 0, 10, 0, 0, 0, 0, 0, 0, 0, 0, 0, 0, 0]
wevo - INFO - 
To merge: 50 total: 29 being merged 
 [[], [], [], [], [], [], [], [], [], [], [], [], [], [], [], [], [], [], [], [], [], [], [], [], [], [], [], [], [], [], [], [], [], [], [], [], [], [], [], [], [], [36, 28, 32, 26, 24, 29, 30], [33, 35, 25], [22], [], [], [], [], [16, 15, 27, 20, 10, 9, 1, 0, 13, 2, 6, 8, 17, 18, 3, 12, 14, 7], []]
wevo - INFO - distance_matrix
wevo - INFO - 
[[0.         0.11031437 0.14274883 ... 0.68993378 0.9211092  1.30703831]
 [0.11031437 0.         0.03243446 ... 0.80024815 1.03142357 1.41735268]
 [0.14274883 0.03243446 0.         ... 0.83268261 1.06385803 1.44978714]
 ...
 [0.68993378 0.80024815 0.83268261 ... 0.         0.23117542 0.61710453]
 [0.9211092  1.03142357 1.06385803 ... 0.23117542 0.         0.38592911]
 [1.30703831 1.41735268 1.44978714 ... 0.61710453 0.38592911 0.        ]]
wevo - INFO - Starting variance optimization: 2195525.9422281715
wevo - INFO - WEVO ran for 24 cycles
wevo - INFO - 
To split: 50 total: 23 being split 
 [0, 0, 0, 0, 2, 0, 0, 1, 0, 0, 0, 0, 0, 0, 0, 3, 0, 0, 0, 0, 10, 0, 0, 0, 0, 0, 0, 0, 0, 0, 0, 6, 0, 0, 0, 0, 0, 0, 0, 0, 0, 0, 1, 0, 0, 0, 0, 0, 0, 0]
wevo - INFO - 
To merge: 50 total: 23 being merged 
 [[], [], [], [], [], [], [], [], [], [], [], [], [], [], [], [], [], [], [], [], [], [], [], [], [], [], [], [], [], [], [], [], [], [], [], [], [], [], [43], [33], [], [], [], [], [], [36, 25, 34, 35, 24], [], [], [19, 14, 21, 23, 5, 0, 6, 18, 13, 3, 8, 10, 1, 17, 2, 11], []]
wevo - INFO - distance_matrix
wevo - INFO - 
[[0.         0.01393509 0.07855606 ... 1.51386213 1.43163919 1.06206656]
 [0.01393509 0.         0.09249115 ... 1.52779722 1.44557428 1.07600164]
 [0.07855606 0.09249115 0.         ... 1.43530607 1.35308313 0.98351049]
 ...
 [1.51386213 1.52779722 1.43530607 ... 0.         0.08222294 0.45179558]
 [1.43163919 1.44557428 1.35308313 ... 0.08222294 0.         0.36957264]
 [1.06206656 1.07600164 0.98351049 ... 0.45179558 0.36957264 0.        ]]
wevo - INFO - Starting variance optimization: 2556896.9911085777
wevo - INFO - WEVO ran for 30 cycles
wevo - INFO - 
To split: 50 total: 29 being split 
 [0, 0, 0, 0, 0, 0, 0, 0, 17, 0, 0, 0, 0, 0, 0, 0, 0, 3, 0, 0, 0, 0, 0, 0, 0, 0, 0, 0, 0, 0, 0, 0, 0, 0, 0, 0, 0, 4, 0, 0, 0, 5, 0, 0, 0, 0, 0, 0, 0, 0]
wevo - INFO - 
To merge: 50 total: 29 being merged 
 [[], [], [], [], [], [], [], [], [], [], [], [], [], [], [], [], [], [], [], [], [], [], [], [], [], [], [], [], [], [], [], [], [], [], [], [], [], [], [], [], [35, 39, 34, 31], [], [], [], [], [30, 28], [24], [], [], [7, 16, 18, 12, 22, 2, 11, 6, 10, 20, 9, 0, 1, 15, 21, 19, 4, 27, 3, 13, 14, 5]]
wevo - INFO - distance_matrix
wevo - INFO - 
[[0.         0.12923241 0.16397429 ... 1.4935751  0.72812653 1.18325424]
 [0.12923241 0.         0.03474188 ... 1.6228075  0.85735893 1.31248665]
 [0.16397429 0.03474188 0.         ... 1.65754938 0.89210081 1.34722853]
 ...
 [1.4935751  1.6228075  1.65754938 ... 0.         0.76544857 0.31032085]
 [0.72812653 0.85735893 0.89210081 ... 0.76544857 0.         0.45512772]
 [1.18325424 1.31248665 1.34722853 ... 0.31032085 0.45512772 0.        ]]
wevo - INFO - Starting variance optimization: 3776553.9780719713
wevo - INFO - WEVO ran for 32 cycles
wevo - INFO - 
To split: 50 total: 31 being split 
 [0, 0, 0, 0, 1, 4, 0, 0, 0, 0, 0, 0, 0, 8, 0, 0, 0, 0, 0, 3, 0, 0, 0, 0, 0, 0, 0, 0, 0, 0, 0, 0, 0, 0, 0, 0, 0, 3, 0, 0, 0, 12, 0, 0, 0, 0, 0, 0, 0, 0]
wevo - INFO - 
To merge: 50 total: 31 being merged 
 [[], [], [], [], [], [], [], [], [], [], [], [], [], [], [], [], [], [], [], [], [], [], [], [], [], [], [], [], [], [], [], [], [], [], [], [], [], [], [], [], [39, 34, 35, 36, 38], [], [], [29, 27, 28, 26, 32, 31], [], [23], [24, 22, 25], [], [14], [0, 1, 15, 2, 12, 6, 3, 16, 7, 17, 18, 11, 20, 10, 8]]
wevo - INFO - distance_matrix
wevo - INFO - 
[[0.         0.16708946 0.1053772  ... 1.35631418 1.86610937 1.87318087]
 [0.16708946 0.         0.06171227 ... 1.18922472 1.69901991 1.7060914 ]
 [0.1053772  0.06171227 0.         ... 1.25093699 1.76073217 1.76780367]
 ...
 [1.35631418 1.18922472 1.25093699 ... 0.         0.50979519 0.51686668]
 [1.86610937 1.69901991 1.76073217 ... 0.50979519 0.         0.0070715 ]
 [1.87318087 1.7060914  1.76780367 ... 0.51686668 0.0070715  0.        ]]
wevo - INFO - Starting variance optimization: 5247192.757569271
wevo - INFO - WEVO ran for 26 cycles
wevo - INFO - 
To split: 50 total: 25 being split 
 [0, 0, 0, 0, 0, 1, 1, 0, 1, 0, 0, 0, 0, 0, 8, 0, 0, 0, 0, 0, 0, 3, 0, 0, 2, 0, 0, 0, 0, 0, 1, 0, 0, 0, 0, 4, 1, 0, 0, 2, 1, 0, 0, 0, 0, 0, 0, 0, 0, 0]
wevo - INFO - 
To merge: 50 total: 25 being merged 
 [[], [], [], [], [], [], [], [], [], [], [], [], [], [], [], [], [], [], [], [], [], [], [], [], [], [], [], [], [], [31, 34, 38, 32, 25, 23, 33, 37, 27], [], [], [], [], [], [], [], [], [], [], [], [26], [], [], [22], [], [], [3, 20, 1, 10, 13, 17, 2, 7, 18, 0, 15, 4, 12, 16], [], []]
wevo - INFO - distance_matrix
wevo - INFO - 
[[0.         0.37027884 0.01174736 ... 1.41783857 1.92625952 1.97773027]
 [0.37027884 0.         0.3820262  ... 1.04755974 1.55598068 1.60745144]
 [0.01174736 0.3820262  0.         ... 1.42958593 1.93800688 1.98947763]
 ...
 [1.41783857 1.04755974 1.42958593 ... 0.         0.50842094 0.5598917 ]
 [1.92625952 1.55598068 1.93800688 ... 0.50842094 0.         0.05147076]
 [1.97773027 1.60745144 1.98947763 ... 0.5598917  0.05147076 0.        ]]
wevo - INFO - Starting variance optimization: 5358288.652612344
wevo - INFO - WEVO ran for 22 cycles
wevo - INFO - 
To split: 50 total: 21 being split 
 [1, 0, 1, 0, 4, 0, 0, 0, 0, 0, 0, 0, 0, 0, 0, 8, 0, 0, 0, 0, 0, 0, 0, 0, 0, 0, 0, 0, 0, 0, 0, 0, 0, 0, 0, 2, 0, 0, 1, 2, 0, 0, 2, 0, 0, 0, 0, 0, 0, 0]
wevo - INFO - 
To merge: 50 total: 21 being merged 
 [[], [], [], [], [], [], [], [], [], [], [], [], [], [], [], [], [], [], [], [], [], [], [], [], [], [], [], [], [], [], [], [], [], [], [], [], [], [], [], [], [32, 30, 31, 37, 34, 25, 28], [], [], [], [], [], [], [], [16, 1, 6, 10, 18, 5, 9, 11, 13, 14, 21, 8, 19, 20], []]
wevo - INFO - distance_matrix
wevo - INFO - 
[[0.         0.50545454 0.07830381 ... 1.75460672 2.17104673 2.15138769]
 [0.50545454 0.         0.58375835 ... 1.24915218 1.66559219 1.64593315]
 [0.07830381 0.58375835 0.         ... 1.83291054 2.24935055 2.22969151]
 ...
 [1.75460672 1.24915218 1.83291054 ... 0.         0.41644001 0.39678097]
 [2.17104673 1.66559219 2.24935055 ... 0.41644001 0.         0.01965904]
 [2.15138769 1.64593315 2.22969151 ... 0.39678097 0.01965904 0.        ]]
wevo - INFO - Starting variance optimization: 5986537.201014938
wevo - INFO - WEVO ran for 13 cycles
wevo - INFO - 
To split: 50 total: 12 being split 
 [0, 0, 1, 0, 0, 0, 0, 0, 2, 0, 4, 0, 0, 0, 0, 0, 0, 0, 0, 0, 0, 0, 0, 0, 0, 0, 0, 0, 0, 0, 0, 0, 0, 1, 0, 1, 0, 0, 0, 3, 0, 0, 0, 0, 0, 0, 0, 0, 0, 0]
wevo - INFO - 
To merge: 50 total: 12 being merged 
 [[], [], [], [], [], [], [], [], [], [], [], [], [], [], [], [], [], [], [], [], [], [], [], [], [], [], [], [], [], [], [], [], [], [], [], [], [], [], [], [], [], [24, 29, 23, 27, 36], [], [], [], [], [], [20, 6, 13, 4, 19], [], [21, 1]]
wevo - INFO - distance_matrix
wevo - INFO - 
[[0.         0.14024305 0.25364017 ... 1.61687803 2.18220949 2.15706205]
 [0.14024305 0.         0.11339712 ... 1.75712109 2.32245255 2.29730511]
 [0.25364017 0.11339712 0.         ... 1.87051821 2.43584967 2.41070223]
 ...
 [1.61687803 1.75712109 1.87051821 ... 0.         0.56533146 0.54018402]
 [2.18220949 2.32245255 2.43584967 ... 0.56533146 0.         0.02514744]
 [2.15706205 2.29730511 2.41070223 ... 0.54018402 0.02514744 0.        ]]
wevo - INFO - Starting variance optimization: 7038841.966162602
wevo - INFO - WEVO ran for 12 cycles
wevo - INFO - 
To split: 50 total: 11 being split 
 [0, 0, 0, 0, 0, 0, 0, 0, 0, 0, 0, 1, 2, 0, 0, 1, 0, 1, 0, 0, 1, 1, 0, 0, 0, 0, 0, 0, 0, 0, 0, 0, 0, 0, 1, 0, 0, 2, 0, 0, 0, 0, 1, 0, 0, 0, 0, 0, 0, 0]
wevo - INFO - 
To merge: 50 total: 11 being merged 
 [[], [], [], [], [], [], [], [], [], [], [], [], [], [], [], [], [], [], [], [], [], [], [], [], [], [], [], [], [], [], [], [], [], [], [], [], [], [], [], [], [], [31, 27, 35, 24], [], [], [], [], [], [], [], [10, 18, 14, 13, 6, 0, 19]]
wevo - INFO - distance_matrix
wevo - INFO - 
[[0.         0.0792284  0.28431654 ... 1.39205027 2.27843904 2.04025126]
 [0.0792284  0.         0.20508814 ... 1.47127867 2.35766745 2.11947966]
 [0.28431654 0.20508814 0.         ... 1.67636681 2.56275558 2.32456779]
 ...
 [1.39205027 1.47127867 1.67636681 ... 0.         0.88638878 0.64820099]
 [2.27843904 2.35766745 2.56275558 ... 0.88638878 0.         0.23818779]
 [2.04025126 2.11947966 2.32456779 ... 0.64820099 0.23818779 0.        ]]
wevo - INFO - Starting variance optimization: 7004032.545550228
wevo - INFO - WEVO ran for 15 cycles
wevo - INFO - 
To split: 50 total: 14 being split 
 [0, 0, 0, 0, 0, 0, 0, 0, 0, 0, 0, 0, 0, 0, 1, 0, 1, 1, 0, 0, 0, 0, 0, 0, 0, 0, 0, 0, 0, 0, 0, 0, 0, 0, 1, 0, 0, 0, 0, 0, 6, 4, 0, 0, 0, 0, 0, 0, 0, 0]
wevo - INFO - 
To merge: 50 total: 14 being merged 
 [[], [], [], [], [], [], [], [], [], [], [], [], [], [], [], [], [], [], [], [], [], [], [], [], [], [], [], [], [], [], [], [36, 39, 32, 35, 37, 23, 30, 25, 33], [], [], [], [], [], [], [], [], [], [], [22], [], [], [], [], [], [], [18, 13, 12, 10]]
wevo - INFO - distance_matrix
wevo - INFO - 
[[0.         0.39544535 0.21342897 ... 1.26683569 2.36693573 2.22183037]
 [0.39544535 0.         0.18201637 ... 1.66228104 2.76238108 2.61727571]
 [0.21342897 0.18201637 0.         ... 1.48026466 2.5803647  2.43525934]
 ...
 [1.26683569 1.66228104 1.48026466 ... 0.         1.10010004 0.95499468]
 [2.36693573 2.76238108 2.5803647  ... 1.10010004 0.         0.14510536]
 [2.22183037 2.61727571 2.43525934 ... 0.95499468 0.14510536 0.        ]]
wevo - INFO - Starting variance optimization: 7736262.190196048
wevo - INFO - WEVO ran for 11 cycles
wevo - INFO - 
To split: 50 total: 10 being split 
 [0, 0, 0, 0, 0, 0, 0, 0, 0, 0, 0, 0, 0, 0, 0, 0, 0, 1, 0, 0, 4, 0, 0, 0, 0, 0, 0, 0, 0, 0, 0, 0, 1, 1, 0, 0, 0, 3, 0, 0, 0, 0, 0, 0, 0, 0, 0, 0, 0, 0]
wevo - INFO - 
To merge: 50 total: 10 being merged 
 [[], [], [], [], [], [], [], [], [], [], [], [], [], [], [], [], [], [], [], [], [], [], [], [], [], [], [], [], [], [], [], [], [], [], [], [], [], [], [], [], [], [34, 30, 39, 28], [], [], [], [], [], [], [], [18, 11, 19, 15, 4, 10]]
wevo - INFO - distance_matrix
wevo - INFO - 
[[0.         0.31446838 0.2010622  ... 1.11529779 2.40688276 2.75416899]
 [0.31446838 0.         0.51553059 ... 1.42976618 2.72135115 3.06863737]
 [0.2010622  0.51553059 0.         ... 0.91423559 2.20582056 2.55310678]
 ...
 [1.11529779 1.42976618 0.91423559 ... 0.         1.29158497 1.63887119]
 [2.40688276 2.72135115 2.20582056 ... 1.29158497 0.         0.34728622]
 [2.75416899 3.06863737 2.55310678 ... 1.63887119 0.34728622 0.        ]]
wevo - INFO - Starting variance optimization: 8366580.8401994305
wevo - INFO - WEVO ran for 30 cycles
wevo - INFO - 
To split: 50 total: 29 being split 
 [0, 0, 0, 0, 0, 0, 0, 0, 0, 0, 0, 0, 0, 0, 0, 0, 0, 0, 0, 0, 0, 0, 0, 0, 0, 0, 0, 0, 0, 0, 0, 0, 0, 3, 0, 0, 0, 0, 6, 2, 0, 0, 0, 0, 0, 0, 0, 18, 0, 0]
wevo - INFO - 
To merge: 50 total: 29 being merged 
 [[], [], [], [], [], [], [], [], [], [], [], [], [], [], [], [], [], [], [], [], [], [], [], [], [], [], [], [], [], [], [], [], [], [], [], [30, 32, 34, 40, 25, 26, 31, 21, 23, 20, 22, 37], [], [], [], [], [], [36], [], [], [], [], [], [], [8, 9, 17, 12, 10, 5, 4, 2, 13, 14, 11, 19, 7, 0, 6, 15], []]
wevo - INFO - distance_matrix
wevo - INFO - 
[[0.         0.27443981 0.07093954 ... 3.59374619 2.60573673 3.08435249]
 [0.27443981 0.         0.20350027 ... 3.31930637 2.33129692 2.80991268]
 [0.07093954 0.20350027 0.         ... 3.52280664 2.53479719 3.01341295]
 ...
 [3.59374619 3.31930637 3.52280664 ... 0.         0.98800945 0.50939369]
 [2.60573673 2.33129692 2.53479719 ... 0.98800945 0.         0.47861576]
 [3.08435249 2.80991268 3.01341295 ... 0.50939369 0.47861576 0.        ]]
wevo - INFO - Starting variance optimization: 11965595.319224961
wevo - INFO - WEVO ran for 35 cycles
wevo - INFO - 
To split: 50 total: 34 being split 
 [0, 0, 0, 0, 0, 0, 0, 0, 0, 0, 0, 0, 0, 0, 0, 0, 0, 0, 0, 0, 0, 0, 0, 0, 0, 0, 0, 0, 1, 0, 0, 0, 0, 0, 0, 0, 17, 0, 0, 0, 0, 0, 0, 16, 0, 0, 0, 0, 0, 0]
wevo - INFO - 
To merge: 50 total: 34 being merged 
 [[], [], [], [], [], [], [], [], [], [], [], [], [], [30, 24, 33, 26, 6, 18, 4, 35, 31, 15, 37, 21, 12, 0, 2, 17, 40, 19, 39, 8, 11], [], [], [], [], [], [], [], [], [], [], [], [27], [], [], [], [], [], [], [], [], [], [], [], [], [], [], [], [34, 22, 23, 38, 5, 16, 10, 14, 9, 7], [], [], [], [], [], [], [1, 3], []]
wevo - INFO - distance_matrix
wevo - INFO - 
[[0.         0.02911282 0.08202934 ... 2.36676741 1.41856623 2.06138659]
 [0.02911282 0.         0.05291653 ... 2.33765459 1.38945341 2.03227377]
 [0.08202934 0.05291653 0.         ... 2.28473806 1.33653688 1.97935724]
 ...
 [2.36676741 2.33765459 2.28473806 ... 0.         0.94820118 0.30538082]
 [1.41856623 1.38945341 1.33653688 ... 0.94820118 0.         0.64282036]
 [2.06138659 2.03227377 1.97935724 ... 0.30538082 0.64282036 0.        ]]
wevo - INFO - Starting variance optimization: 16596765.574260294
wevo - INFO - WEVO ran for 35 cycles
wevo - INFO - 
To split: 50 total: 34 being split 
 [0, 0, 0, 0, 0, 0, 0, 0, 0, 0, 0, 0, 0, 0, 0, 0, 21, 0, 0, 0, 0, 0, 0, 0, 0, 0, 0, 0, 0, 0, 0, 0, 0, 0, 0, 1, 0, 0, 0, 0, 0, 0, 0, 12, 0, 0, 0, 0, 0, 0]
wevo - INFO - 
To merge: 50 total: 34 being merged 
 [[], [], [], [], [], [], [], [], [], [], [], [], [], [], [], [], [], [], [], [], [37], [41, 24, 3, 2, 5, 7, 13, 1, 8, 15, 11, 9, 40, 14, 4, 17, 18, 12], [27, 32, 6, 28, 19], [34, 30, 29, 33, 36, 39], [], [], [25], [], [], [], [], [], [], [], [], [], [], [], [31], [], [], [], [0, 10], [], [], [], [], [], [], []]
wevo - INFO - distance_matrix
wevo - INFO - 
[[0.         0.15951252 0.02281857 ... 3.14160204 2.1316123  2.59585047]
 [0.15951252 0.         0.18233109 ... 2.98208952 1.97209978 2.43633795]
 [0.02281857 0.18233109 0.         ... 3.1644206  2.15443087 2.61866903]
 ...
 [3.14160204 2.98208952 3.1644206  ... 0.         1.00998974 0.54575157]
 [2.1316123  1.97209978 2.15443087 ... 1.00998974 0.         0.46423817]
 [2.59585047 2.43633795 2.61866903 ... 0.54575157 0.46423817 0.        ]]
wevo - INFO - Starting variance optimization: 32540997.911417883
wevo - INFO - WEVO ran for 23 cycles
wevo - INFO - 
To split: 50 total: 22 being split 
 [0, 0, 0, 0, 0, 0, 0, 2, 0, 0, 0, 0, 0, 0, 0, 0, 0, 0, 0, 0, 13, 0, 0, 0, 0, 0, 0, 2, 0, 1, 0, 0, 3, 0, 1, 0, 0, 0, 0, 0, 0, 0, 0, 0, 0, 0, 0, 0, 0, 0]
wevo - INFO - 
To merge: 50 total: 22 being merged 
 [[], [], [], [], [], [], [], [], [], [], [], [], [], [], [], [], [], [], [], [], [], [], [], [], [], [], [], [], [], [], [], [], [], [], [], [], [], [], [], [22, 33, 30, 36], [], [31, 24], [3, 9, 14, 1, 15, 4, 6, 13, 19, 23, 5, 21, 11, 17, 8], [], [], [], [], [], [10], []]
wevo - INFO - distance_matrix
wevo - INFO - 
[[0.         0.05399466 0.04012823 ... 3.24740553 2.51774549 2.11572218]
 [0.05399466 0.         0.01386642 ... 3.30140018 2.57174015 2.16971684]
 [0.04012823 0.01386642 0.         ... 3.28753376 2.55787373 2.15585041]
 ...
 [3.24740553 3.30140018 3.28753376 ... 0.         0.72966003 1.13168335]
 [2.51774549 2.57174015 2.55787373 ... 0.72966003 0.         0.40202332]
 [2.11572218 2.16971684 2.15585041 ... 1.13168335 0.40202332 0.        ]]
wevo - INFO - Starting variance optimization: 35357791.016910404
wevo - INFO - WEVO ran for 27 cycles
wevo - INFO - 
To split: 50 total: 26 being split 
 [0, 0, 0, 4, 0, 4, 0, 1, 0, 0, 2, 0, 0, 0, 0, 0, 0, 5, 0, 0, 0, 0, 0, 0, 0, 0, 0, 1, 0, 0, 0, 1, 3, 0, 0, 3, 0, 0, 2, 0, 0, 0, 0, 0, 0, 0, 0, 0, 0, 0]
wevo - INFO - 
To merge: 50 total: 26 being merged 
 [[], [], [], [], [], [], [], [], [], [], [], [], [], [], [], [], [], [], [], [], [], [], [], [], [], [], [40, 23, 39, 36], [], [], [], [], [], [], [], [], [], [], [], [], [], [], [22, 29, 30, 34, 25, 37, 33], [18, 13, 9, 16, 0, 15, 4, 2, 8, 1, 21, 20, 12], [], [], [], [], [], [], [14, 6]]
wevo - INFO - distance_matrix
wevo - INFO - 
[[0.         0.32699585 0.27132034 ... 3.50034761 2.70226812 2.80343294]
 [0.32699585 0.         0.05567551 ... 3.17335176 2.37527227 2.47643709]
 [0.27132034 0.05567551 0.         ... 3.22902727 2.43094778 2.5321126 ]
 ...
 [3.50034761 3.17335176 3.22902727 ... 0.         0.79807949 0.69691467]
 [2.70226812 2.37527227 2.43094778 ... 0.79807949 0.         0.10116482]
 [2.80343294 2.47643709 2.5321126  ... 0.69691467 0.10116482 0.        ]]
wevo - INFO - Starting variance optimization: 37749767.643097505
wevo - INFO - WEVO ran for 21 cycles
wevo - INFO - 
To split: 50 total: 20 being split 
 [7, 0, 0, 1, 0, 0, 0, 0, 4, 0, 0, 0, 0, 0, 0, 0, 0, 2, 0, 0, 0, 0, 0, 0, 0, 0, 0, 0, 0, 0, 2, 0, 0, 0, 0, 0, 0, 2, 1, 0, 0, 1, 0, 0, 0, 0, 0, 0, 0, 0]
wevo - INFO - 
To merge: 50 total: 20 being merged 
 [[], [], [], [], [], [], [], [], [], [], [], [], [], [], [], [], [], [], [], [], [], [], [], [], [], [], [], [40, 28, 24, 36, 32], [], [], [], [], [], [], [], [], [], [], [], [], [], [], [4, 9, 5, 11, 1, 6, 2, 19, 22, 25, 20, 7, 12, 16, 21], [], [], [], [], [], [], []]
wevo - INFO - distance_matrix
wevo - INFO - 
[[0.         0.07922173 0.29372358 ... 3.34895611 2.2840929  2.56324482]
 [0.07922173 0.         0.21450186 ... 3.42817783 2.36331463 2.64246655]
 [0.29372358 0.21450186 0.         ... 3.64267969 2.57781649 2.8569684 ]
 ...
 [3.34895611 3.42817783 3.64267969 ... 0.         1.0648632  0.78571129]
 [2.2840929  2.36331463 2.57781649 ... 1.0648632  0.         0.27915192]
 [2.56324482 2.64246655 2.8569684  ... 0.78571129 0.27915192 0.        ]]
wevo - INFO - Starting variance optimization: 42716059.66525555
wevo - INFO - WEVO ran for 24 cycles
wevo - INFO - 
To split: 50 total: 23 being split 
 [0, 0, 1, 0, 3, 0, 1, 0, 0, 4, 0, 0, 0, 0, 0, 2, 0, 0, 0, 0, 3, 0, 0, 0, 0, 0, 0, 0, 0, 0, 0, 0, 0, 0, 0, 0, 0, 0, 0, 4, 5, 0, 0, 0, 0, 0, 0, 0, 0, 0]
wevo - INFO - 
To merge: 50 total: 23 being merged 
 [[], [], [], [], [], [], [], [], [], [], [], [], [], [], [], [], [], [], [], [], [], [], [], [], [], [], [], [], [], [], [], [], [], [], [], [], [], [], [], [], [], [37, 32, 23, 31, 35, 34, 25, 24, 26], [], [], [], [], [], [], [22, 18, 21, 0, 17, 13, 11, 10, 1, 7, 8, 19, 16, 14], []]
wevo - INFO - distance_matrix
wevo - INFO - 
[[0.         0.47327232 0.49978447 ... 3.86605406 3.21136522 3.09986734]
 [0.47327232 0.         0.02651215 ... 3.39278173 2.7380929  2.62659502]
 [0.49978447 0.02651215 0.         ... 3.36626959 2.71158075 2.60008287]
 ...
 [3.86605406 3.39278173 3.36626959 ... 0.         0.65468884 0.76618671]
 [3.21136522 2.7380929  2.71158075 ... 0.65468884 0.         0.11149788]
 [3.09986734 2.62659502 2.60008287 ... 0.76618671 0.11149788 0.        ]]
wevo - INFO - Starting variance optimization: 49914806.704681724
wevo - INFO - WEVO ran for 24 cycles
wevo - INFO - 
To split: 50 total: 23 being split 
 [5, 0, 0, 0, 0, 0, 0, 0, 0, 0, 0, 0, 0, 0, 0, 0, 0, 0, 0, 0, 9, 1, 0, 0, 0, 0, 0, 0, 0, 0, 0, 0, 1, 0, 0, 0, 0, 0, 0, 0, 1, 5, 0, 0, 0, 0, 1, 0, 0, 0]
wevo - INFO - 
To merge: 50 total: 23 being merged 
 [[], [], [], [], [], [], [], [], [], [], [], [], [], [], [], [], [], [], [], [], [], [], [], [], [], [], [], [], [], [], [31, 23, 38, 34, 29, 28, 26, 24], [], [], [], [], [], [], [], [], [], [], [], [], [], [2, 14, 1, 3, 7, 13, 18, 9, 4, 17, 8, 15, 5, 10, 19], [], [], [], [], []]
wevo - INFO - distance_matrix
wevo - INFO - 
[[0.         0.24427366 0.1125226  ... 3.77357817 3.45031977 3.28104544]
 [0.24427366 0.         0.35679626 ... 4.01785183 3.69459343 3.5253191 ]
 [0.1125226  0.35679626 0.         ... 3.66105556 3.33779716 3.16852283]
 ...
 [3.77357817 4.01785183 3.66105556 ... 0.         0.3232584  0.49253273]
 [3.45031977 3.69459343 3.33779716 ... 0.3232584  0.         0.16927433]
 [3.28104544 3.5253191  3.16852283 ... 0.49253273 0.16927433 0.        ]]
wevo - INFO - Starting variance optimization: 58192311.61478323
wevo - INFO - WEVO ran for 24 cycles
wevo - INFO - 
To split: 50 total: 23 being split 
 [0, 6, 0, 0, 0, 0, 0, 4, 0, 0, 0, 0, 0, 1, 4, 0, 0, 0, 0, 0, 0, 0, 1, 0, 0, 0, 0, 0, 0, 0, 0, 0, 0, 0, 0, 1, 1, 1, 0, 0, 3, 1, 0, 0, 0, 0, 0, 0, 0, 0]
wevo - INFO - 
To merge: 50 total: 23 being merged 
 [[], [], [], [], [], [], [], [], [], [], [], [], [], [], [], [], [], [], [], [], [], [], [], [], [], [], [], [], [], [], [], [], [], [], [27], [], [], [], [39, 33, 23, 42, 24, 28], [], [], [], [], [], [], [6, 19, 3, 15, 21, 18, 11, 12, 16, 9, 8, 10, 2, 5, 20, 4], [], [], [], []]
wevo - INFO - distance_matrix
wevo - INFO - 
[[0.         0.00621367 0.19844151 ... 4.03710985 3.59987688 2.98672247]
 [0.00621367 0.         0.19222784 ... 4.04332352 3.60609055 2.99293613]
 [0.19844151 0.19222784 0.         ... 4.23555136 3.79831839 3.18516397]
 ...
 [4.03710985 4.04332352 4.23555136 ... 0.         0.43723297 1.05038738]
 [3.59987688 3.60609055 3.79831839 ... 0.43723297 0.         0.61315441]
 [2.98672247 2.99293613 3.18516397 ... 1.05038738 0.61315441 0.        ]]
wevo - INFO - Starting variance optimization: 62341855.19668775
wevo - INFO - WEVO ran for 20 cycles
wevo - INFO - 
To split: 50 total: 19 being split 
 [0, 0, 0, 0, 0, 0, 0, 0, 1, 1, 0, 0, 0, 0, 3, 0, 0, 0, 0, 0, 0, 0, 9, 0, 0, 0, 0, 0, 0, 0, 1, 0, 2, 0, 0, 0, 0, 0, 1, 0, 0, 1, 0, 0, 0, 0, 0, 0, 0, 0]
wevo - INFO - 
To merge: 50 total: 19 being merged 
 [[], [], [], [], [], [], [], [], [], [], [], [], [], [], [], [], [], [], [], [], [], [], [], [], [], [], [], [], [], [], [], [], [], [], [], [], [], [], [], [34, 26, 28, 25, 24], [], [], [], [], [], [15, 0, 1, 18, 10, 12, 7, 17, 5, 11, 6, 4, 13, 2], [], [], [], []]
wevo - INFO - distance_matrix
wevo - INFO - 
[[0.         0.17612362 0.11504126 ... 4.33804274 3.71551943 3.17078257]
 [0.17612362 0.         0.06108236 ... 4.16191912 3.53939581 2.99465895]
 [0.11504126 0.06108236 0.         ... 4.22300148 3.60047817 3.05574131]
 ...
 [4.33804274 4.16191912 4.22300148 ... 0.         0.62252331 1.16726017]
 [3.71551943 3.53939581 3.60047817 ... 0.62252331 0.         0.54473686]
 [3.17078257 2.99465895 3.05574131 ... 1.16726017 0.54473686 0.        ]]
wevo - INFO - Starting variance optimization: 68357211.33329846
wevo - INFO - WEVO ran for 22 cycles
wevo - INFO - 
To split: 50 total: 21 being split 
 [0, 0, 0, 0, 0, 0, 0, 0, 0, 0, 2, 1, 0, 0, 7, 0, 0, 0, 0, 0, 0, 0, 4, 0, 0, 0, 0, 1, 1, 2, 0, 0, 2, 0, 1, 0, 0, 0, 0, 0, 0, 0, 0, 0, 0, 0, 0, 0, 0, 0]
wevo - INFO - 
To merge: 50 total: 21 being merged 
 [[], [], [], [], [], [], [], [], [], [], [], [], [], [], [], [], [], [], [], [], [], [], [], [], [], [], [], [], [], [], [], [], [], [], [], [], [], [36, 41, 25, 31, 24, 33], [], [23], [], [], [], [], [], [19, 17, 3, 7, 21, 12, 15, 9, 4, 5, 8, 6, 0, 1], [], [], [], []]
wevo - INFO - distance_matrix
wevo - INFO - 
[[0.         0.06847763 0.01024294 ... 4.13617706 3.56305981 3.10722542]
 [0.06847763 0.         0.05823469 ... 4.20465469 3.63153744 3.17570305]
 [0.01024294 0.05823469 0.         ... 4.14642    3.57330275 3.11746836]
 ...
 [4.13617706 4.20465469 4.14642    ... 0.         0.57311726 1.02895164]
 [3.56305981 3.63153744 3.57330275 ... 0.57311726 0.         0.45583439]
 [3.10722542 3.17570305 3.11746836 ... 1.02895164 0.45583439 0.        ]]
wevo - INFO - Starting variance optimization: 72304754.60753508
wevo - INFO - WEVO ran for 14 cycles
wevo - INFO - 
To split: 50 total: 13 being split 
 [1, 2, 1, 2, 0, 0, 0, 0, 1, 0, 0, 0, 0, 2, 0, 0, 0, 0, 0, 0, 0, 0, 0, 0, 0, 0, 0, 1, 0, 0, 0, 0, 0, 0, 1, 0, 0, 1, 0, 0, 0, 0, 1, 0, 0, 0, 0, 0, 0, 0]
wevo - INFO - 
To merge: 50 total: 13 being merged 
 [[], [], [], [], [], [], [], [], [], [], [], [], [], [], [], [], [], [], [], [], [], [], [], [], [], [], [], [], [], [], [], [], [], [], [], [], [], [], [], [], [25, 26, 31, 23], [], [], [], [], [18, 12, 17, 14, 4, 7, 6, 10, 20], [], [], [], []]
wevo - INFO - distance_matrix
wevo - INFO - 
[[0.         0.04672623 0.32655001 ... 4.5173192  3.77221346 3.29786158]
 [0.04672623 0.         0.37327623 ... 4.47059298 3.72548723 3.25113535]
 [0.32655001 0.37327623 0.         ... 4.84386921 4.09876347 3.62441158]
 ...
 [4.5173192  4.47059298 4.84386921 ... 0.         0.74510574 1.21945763]
 [3.77221346 3.72548723 4.09876347 ... 0.74510574 0.         0.47435188]
 [3.29786158 3.25113535 3.62441158 ... 1.21945763 0.47435188 0.        ]]
wevo - INFO - Starting variance optimization: 76499114.73843284
wevo - INFO - WEVO ran for 24 cycles
wevo - INFO - 
To split: 50 total: 23 being split 
 [0, 0, 11, 0, 0, 0, 0, 0, 0, 1, 1, 0, 0, 0, 0, 1, 0, 0, 0, 0, 0, 0, 0, 0, 0, 0, 0, 0, 0, 0, 0, 0, 0, 0, 0, 0, 0, 0, 0, 0, 9, 0, 0, 0, 0, 0, 0, 0, 0, 0]
wevo - INFO - 
To merge: 50 total: 23 being merged 
 [[], [], [], [], [], [], [], [], [], [], [], [], [], [], [], [], [], [], [], [], [], [], [], [], [], [], [], [], [], [], [], [], [], [30], [], [], [], [], [], [], [], [26, 37, 36, 31, 25, 35, 29], [23], [], [], [12, 20, 18, 21, 4, 14, 6, 7, 16, 13, 22, 5, 11, 8], [], [], [], []]
wevo - INFO - distance_matrix
wevo - INFO - 
[[0.         0.06036854 0.13445377 ... 4.95725393 4.21347952 3.6269908 ]
 [0.06036854 0.         0.07408524 ... 4.8968854  4.15311098 3.56662226]
 [0.13445377 0.07408524 0.         ... 4.82280016 4.07902575 3.49253702]
 ...
 [4.95725393 4.8968854  4.82280016 ... 0.         0.74377441 1.33026314]
 [4.21347952 4.15311098 4.07902575 ... 0.74377441 0.         0.58648872]
 [3.6269908  3.56662226 3.49253702 ... 1.33026314 0.58648872 0.        ]]
wevo - INFO - Starting variance optimization: 79916213.52610065
wevo - INFO - WEVO ran for 11 cycles
wevo - INFO - 
To split: 50 total: 10 being split 
 [1, 0, 0, 0, 1, 1, 0, 1, 0, 0, 0, 1, 0, 0, 2, 1, 0, 0, 0, 0, 0, 0, 0, 0, 0, 0, 0, 0, 0, 0, 0, 0, 0, 0, 0, 0, 0, 0, 1, 0, 1, 0, 0, 0, 0, 0, 0, 0, 0, 0]
wevo - INFO - 
To merge: 50 total: 10 being merged 
 [[], [], [], [], [], [], [], [], [], [], [], [], [], [], [], [], [], [], [], [], [], [], [10], [], [], [], [], [], [], [], [], [], [], [], [], [], [], [], [], [], [], [30, 24], [], [], [21, 20, 9, 3, 16, 19, 18], [], [], [], [], []]
wevo - INFO - distance_matrix
wevo - INFO - 
[[0.         0.27311325 0.40730619 ... 4.9260745  3.95257425 3.40527391]
 [0.27311325 0.         0.13419294 ... 5.19918776 4.2256875  3.67838717]
 [0.40730619 0.13419294 0.         ... 5.3333807  4.35988045 3.81258011]
 ...
 [4.9260745  5.19918776 5.3333807  ... 0.         0.97350025 1.52080059]
 [3.95257425 4.2256875  4.35988045 ... 0.97350025 0.         0.54730034]
 [3.40527391 3.67838717 3.81258011 ... 1.52080059 0.54730034 0.        ]]
wevo - INFO - Starting variance optimization: 83075222.73312089
wevo - INFO - WEVO ran for 12 cycles
wevo - INFO - 
To split: 50 total: 11 being split 
 [0, 1, 2, 0, 0, 1, 0, 0, 0, 1, 0, 0, 0, 0, 0, 1, 0, 0, 0, 0, 0, 0, 0, 0, 0, 0, 0, 0, 0, 0, 0, 0, 0, 0, 0, 0, 0, 0, 0, 1, 4, 0, 0, 0, 0, 0, 0, 0, 0, 0]
wevo - INFO - 
To merge: 50 total: 11 being merged 
 [[], [], [], [], [], [], [], [], [], [], [7], [], [], [], [], [], [], [], [], [], [], [], [0, 12, 4], [], [31, 34, 35, 38, 33], [], [], [], [], [], [], [], [], [], [], [], [], [], [], [], [], [], [], [], [19, 17], [], [], [], [], []]
wevo - INFO - distance_matrix
wevo - INFO - 
[[0.         0.16791487 0.11106968 ... 5.34990597 4.61597633 3.9215641 ]
 [0.16791487 0.         0.05684519 ... 5.1819911  4.44806147 3.75364923]
 [0.11106968 0.05684519 0.         ... 5.23883629 4.50490665 3.81049442]
 ...
 [5.34990597 5.1819911  5.23883629 ... 0.         0.73392963 1.42834187]
 [4.61597633 4.44806147 4.50490665 ... 0.73392963 0.         0.69441223]
 [3.9215641  3.75364923 3.81049442 ... 1.42834187 0.69441223 0.        ]]
wevo - INFO - Starting variance optimization: 83875337.63163759
wevo - INFO - WEVO ran for 11 cycles
wevo - INFO - 
To split: 50 total: 10 being split 
 [0, 0, 0, 0, 0, 0, 0, 0, 1, 0, 0, 1, 1, 1, 0, 1, 0, 0, 0, 0, 2, 0, 0, 0, 0, 0, 0, 0, 0, 0, 0, 0, 2, 0, 0, 0, 0, 0, 1, 0, 0, 0, 0, 0, 0, 0, 0, 0, 0, 0]
wevo - INFO - 
To merge: 50 total: 10 being merged 
 [[], [], [], [], [], [], [], [], [], [], [], [], [], [], [], [], [], [], [], [], [], [], [7, 14, 9, 16, 6], [], [], [], [], [], [], [], [], [], [], [], [], [], [], [], [], [], [], [23, 35, 36], [], [], [17, 18], [], [], [], [], []]
wevo - INFO - distance_matrix
wevo - INFO - 
[[0.         0.17278671 0.12168789 ... 5.25519896 4.48464346 3.85879946]
 [0.17278671 0.         0.2944746  ... 5.08241224 4.31185675 3.68601274]
 [0.12168789 0.2944746  0.         ... 5.37688684 4.60633135 3.98048735]
 ...
 [5.25519896 5.08241224 5.37688684 ... 0.         0.7705555  1.3963995 ]
 [4.48464346 4.31185675 4.60633135 ... 0.7705555  0.         0.625844  ]
 [3.85879946 3.68601274 3.98048735 ... 1.3963995  0.625844   0.        ]]
wevo - INFO - Starting variance optimization: 86400333.4136649
wevo - INFO - WEVO ran for 10 cycles
wevo - INFO - 
To split: 50 total: 9 being split 
 [0, 0, 0, 0, 0, 0, 0, 0, 0, 0, 0, 0, 0, 2, 0, 0, 0, 1, 0, 0, 2, 0, 0, 0, 0, 0, 0, 0, 0, 0, 0, 0, 0, 0, 0, 0, 0, 0, 0, 0, 0, 0, 4, 0, 0, 0, 0, 0, 0, 0]
wevo - INFO - 
To merge: 50 total: 9 being merged 
 [[], [], [], [], [], [], [], [], [], [], [], [], [], [], [], [], [], [], [], [], [], [], [3, 8, 10, 12, 1], [], [], [], [], [], [], [], [], [], [], [], [], [], [], [], [], [], [36, 30, 32, 25], [], [], [], [], [], [], [], [], []]
wevo - INFO - distance_matrix
wevo - INFO - 
[[0.         0.18062496 0.2206316  ... 5.16233397 4.52757215 3.88664961]
 [0.18062496 0.         0.40125656 ... 4.981709   4.34694719 3.70602465]
 [0.2206316  0.40125656 0.         ... 5.38296556 4.74820375 4.10728121]
 ...
 [5.16233397 4.981709   5.38296556 ... 0.         0.63476181 1.27568436]
 [4.52757215 4.34694719 4.74820375 ... 0.63476181 0.         0.64092255]
 [3.88664961 3.70602465 4.10728121 ... 1.27568436 0.64092255 0.        ]]
wevo - INFO - Starting variance optimization: 90875349.09855174
wevo - INFO - WEVO ran for 5 cycles
wevo - INFO - 
To split: 50 total: 4 being split 
 [0, 0, 1, 0, 0, 0, 0, 0, 0, 0, 1, 0, 0, 0, 0, 0, 0, 0, 0, 0, 0, 0, 0, 0, 0, 0, 0, 0, 0, 0, 0, 0, 0, 0, 0, 0, 0, 1, 0, 1, 0, 0, 0, 0, 0, 0, 0, 0, 0, 0]
wevo - INFO - 
To merge: 50 total: 4 being merged 
 [[], [], [], [], [], [], [], [], [], [], [], [], [], [], [], [], [], [], [], [], [], [1], [8], [], [], [], [], [], [], [], [], [], [], [], [], [], [], [], [], [], [], [30, 28], [], [], [], [], [], [], [], []]
wevo - INFO - distance_matrix
wevo - INFO - 
[[0.         0.11479473 0.16879702 ... 5.48058367 5.0520072  4.19822645]
 [0.11479473 0.         0.05400229 ... 5.36578894 4.93721247 4.08343172]
 [0.16879702 0.05400229 0.         ... 5.31178665 4.88321018 4.02942944]
 ...
 [5.48058367 5.36578894 5.31178665 ... 0.         0.42857647 1.28235722]
 [5.0520072  4.93721247 4.88321018 ... 0.42857647 0.         0.85378075]
 [4.19822645 4.08343172 4.02942944 ... 1.28235722 0.85378075 0.        ]]
wevo - INFO - Starting variance optimization: 91184404.91305326
wevo - INFO - WEVO ran for 6 cycles
wevo - INFO - 
To split: 50 total: 5 being split 
 [0, 0, 0, 0, 0, 0, 0, 1, 0, 2, 0, 0, 0, 0, 0, 0, 0, 0, 1, 0, 0, 0, 0, 0, 0, 0, 0, 0, 0, 0, 0, 0, 0, 0, 0, 0, 0, 0, 0, 0, 0, 1, 0, 0, 0, 0, 0, 0, 0, 0]
wevo - INFO - 
To merge: 50 total: 5 being merged 
 [[], [], [], [], [], [], [], [], [], [], [], [], [], [], [], [], [], [], [], [], [], [], [4, 13], [], [], [], [], [], [], [], [], [], [], [], [], [], [], [], [33], [], [], [], [], [], [21, 19], [], [], [], [], []]
wevo - INFO - distance_matrix
wevo - INFO - 
[[0.         0.28339791 0.23788667 ... 5.6478281  5.3625288  4.11897278]
 [0.28339791 0.         0.04551125 ... 5.36442995 5.07913065 3.83557463]
 [0.23788667 0.04551125 0.         ... 5.4099412  5.1246419  3.88108587]
 ...
 [5.6478281  5.36442995 5.4099412  ... 0.         0.2852993  1.52885532]
 [5.3625288  5.07913065 5.1246419  ... 0.2852993  0.         1.24355602]
 [4.11897278 3.83557463 3.88108587 ... 1.52885532 1.24355602 0.        ]]
wevo - INFO - Starting variance optimization: 90669058.77066638
wevo - INFO - WEVO ran for 9 cycles
wevo - INFO - 
To split: 50 total: 8 being split 
 [1, 0, 0, 0, 0, 0, 1, 0, 0, 0, 0, 0, 0, 0, 0, 0, 0, 0, 0, 0, 0, 0, 2, 0, 0, 0, 0, 0, 0, 0, 0, 0, 0, 1, 0, 2, 0, 0, 1, 0, 0, 0, 0, 0, 0, 0, 0, 0, 0, 0]
wevo - INFO - 
To merge: 50 total: 8 being merged 
 [[], [], [], [], [], [], [], [], [], [], [], [], [], [], [], [17], [19, 5], [], [], [], [21], [], [], [], [], [], [], [], [], [], [], [], [], [], [], [], [], [], [], [31, 28, 29, 30], [], [], [], [], [], [], [], [], [], []]
wevo - INFO - distance_matrix
wevo - INFO - 
[[0.         0.35093808 0.16892171 ... 5.42858887 5.33362961 4.05844402]
 [0.35093808 0.         0.18201637 ... 5.07765102 4.98269176 3.70750618]
 [0.16892171 0.18201637 0.         ... 5.2596674  5.16470814 3.88952255]
 ...
 [5.42858887 5.07765102 5.2596674  ... 0.         0.09495926 1.37014484]
 [5.33362961 4.98269176 5.16470814 ... 0.09495926 0.         1.27518559]
 [4.05844402 3.70750618 3.88952255 ... 1.37014484 1.27518559 0.        ]]
wevo - INFO - Starting variance optimization: 91353760.63014434
wevo - INFO - WEVO ran for 4 cycles
wevo - INFO - 
To split: 50 total: 3 being split 
 [0, 0, 0, 0, 1, 0, 0, 0, 0, 1, 0, 0, 0, 0, 0, 0, 0, 0, 0, 1, 0, 0, 0, 0, 0, 0, 0, 0, 0, 0, 0, 0, 0, 0, 0, 0, 0, 0, 0, 0, 0, 0, 0, 0, 0, 0, 0, 0, 0, 0]
wevo - INFO - 
To merge: 50 total: 3 being merged 
