wevo - INFO - distance_matrix
wevo - INFO - 
[[0.         0.15924931 0.09109497 ... 0.11540413 0.20048428 0.10795784]
 [0.15924931 0.         0.06815434 ... 0.04384518 0.04123497 0.26720715]
 [0.09109497 0.06815434 0.         ... 0.02430916 0.10938931 0.19905281]
 ...
 [0.11540413 0.04384518 0.02430916 ... 0.         0.08508015 0.22336197]
 [0.20048428 0.04123497 0.10938931 ... 0.08508015 0.         0.30844212]
 [0.10795784 0.26720715 0.19905281 ... 0.22336197 0.30844212 0.        ]]
wevo - INFO - Starting variance optimization: 7577.2707306221
wevo - INFO - WEVO ran for 37 cycles
wevo - INFO - 
To split: 50 total: 36 being split 
 [0, 0, 0, 0, 0, 0, 0, 0, 0, 0, 0, 0, 0, 0, 0, 0, 19, 0, 0, 0, 0, 0, 0, 0, 17, 0, 0, 0, 0, 0, 0, 0, 0, 0, 0, 0, 0, 0, 0, 0, 0, 0, 0, 0, 0, 0, 0, 0, 0, 0]
wevo - INFO - 
To merge: 50 total: 36 being merged 
 [[], [], [6, 41, 47], [], [], [], [], [], [], [], [33, 40, 30], [14, 28, 17], [15, 19, 46], [], [], [], [], [], [], [], [35, 32, 45], [42, 3, 0], [], [], [], [], [], [], [], [26, 49, 1], [], [], [], [], [25, 43, 13], [], [], [27, 18, 4], [23, 7, 22], [44, 8, 36], [], [], [], [], [], [], [], [], [31, 5, 9], []]
wevo - INFO - distance_matrix
wevo - INFO - 
[[0.         0.15735245 0.35126781 ... 0.05794621 0.25337791 0.32871151]
 [0.15735245 0.         0.19391537 ... 0.21529865 0.41073036 0.48606396]
 [0.35126781 0.19391537 0.         ... 0.40921402 0.60464573 0.67997932]
 ...
 [0.05794621 0.21529865 0.40921402 ... 0.         0.19543171 0.2707653 ]
 [0.25337791 0.41073036 0.60464573 ... 0.19543171 0.         0.0753336 ]
 [0.32871151 0.48606396 0.67997932 ... 0.2707653  0.0753336  0.        ]]
wevo - INFO - Starting variance optimization: 136434.22222525254
wevo - INFO - WEVO ran for 33 cycles
wevo - INFO - 
To split: 50 total: 32 being split 
 [0, 0, 0, 0, 0, 0, 0, 0, 0, 20, 0, 0, 0, 0, 0, 0, 0, 0, 0, 0, 0, 0, 0, 0, 0, 0, 4, 0, 0, 0, 0, 0, 0, 8, 0, 0, 0, 0, 0, 0, 0, 0, 0, 0, 0, 0, 0, 0, 0, 0]
wevo - INFO - 
To merge: 50 total: 32 being merged 
 [[], [], [], [], [], [], [], [], [], [], [], [], [], [], [], [], [], [], [], [], [], [], [], [], [], [], [], [], [], [], [], [], [], [], [], [], [], [], [], [], [], [11, 4, 19, 22, 23], [24, 13, 28, 5, 34], [], [21, 30], [32, 36], [7, 6, 18, 14, 0, 12, 10], [25, 3, 1, 8, 17, 37], [16, 15, 35, 20, 2], []]
wevo - INFO - distance_matrix
wevo - INFO - 
[[0.         0.15129662 0.17101574 ... 0.57940865 0.29104328 0.73596287]
 [0.15129662 0.         0.01971912 ... 0.42811203 0.13974667 0.58466625]
 [0.17101574 0.01971912 0.         ... 0.40839291 0.12002754 0.56494713]
 ...
 [0.57940865 0.42811203 0.40839291 ... 0.         0.28836536 0.15655422]
 [0.29104328 0.13974667 0.12002754 ... 0.28836536 0.         0.44491959]
 [0.73596287 0.58466625 0.56494713 ... 0.15655422 0.44491959 0.        ]]
wevo - INFO - Starting variance optimization: 399419.6369624573
wevo - INFO - WEVO ran for 37 cycles
wevo - INFO - 
To split: 50 total: 36 being split 
 [0, 0, 0, 0, 0, 0, 0, 0, 0, 21, 0, 0, 0, 0, 0, 0, 0, 0, 0, 0, 0, 0, 0, 0, 0, 0, 0, 0, 0, 0, 0, 0, 0, 0, 0, 1, 0, 0, 0, 13, 1, 0, 0, 0, 0, 0, 0, 0, 0, 0]
wevo - INFO - 
To merge: 50 total: 36 being merged 
 [[], [], [], [], [], [], [], [], [], [], [], [], [], [], [], [], [], [], [], [], [], [], [], [], [], [], [], [], [], [], [], [], [], [], [], [], [], [], [], [], [], [], [], [17, 2, 1, 20, 5, 10, 11, 19, 3, 6, 0, 30, 21, 12, 24, 15, 29, 14, 31, 16, 22, 26, 13, 34, 4, 36, 18, 32, 7, 33, 8, 25, 27, 37, 28, 23], [], [], [], [], [], []]
wevo - INFO - distance_matrix
wevo - INFO - 
[[0.         0.20943546 0.19900703 ... 0.31696606 0.71167088 0.11541939]
 [0.20943546 0.         0.01042843 ... 0.52640152 0.92110634 0.32485485]
 [0.19900703 0.01042843 0.         ... 0.51597309 0.91067791 0.31442642]
 ...
 [0.31696606 0.52640152 0.51597309 ... 0.         0.39470482 0.20154667]
 [0.71167088 0.92110634 0.91067791 ... 0.39470482 0.         0.59625149]
 [0.11541939 0.32485485 0.31442642 ... 0.20154667 0.59625149 0.        ]]
wevo - INFO - Starting variance optimization: 1300480.6197007643
wevo - INFO - WEVO ran for 31 cycles
wevo - INFO - 
To split: 50 total: 30 being split 
 [0, 0, 0, 0, 0, 0, 0, 0, 0, 0, 0, 0, 21, 0, 0, 0, 0, 0, 0, 0, 0, 0, 0, 0, 4, 0, 0, 0, 0, 1, 0, 0, 0, 0, 0, 2, 0, 0, 0, 2, 0, 0, 0, 0, 0, 0, 0, 0, 0, 0]
wevo - INFO - 
To merge: 50 total: 30 being merged 
 [[], [], [], [], [], [], [], [], [], [], [], [], [], [], [], [], [], [], [], [], [], [], [], [], [], [], [], [], [], [], [], [], [], [], [], [], [], [], [], [], [], [4, 33, 25], [], [], [9, 14, 0, 30, 6, 23, 34], [], [], [15, 20, 21, 8, 10, 2, 1, 5, 3, 16, 22, 19, 17, 18, 13, 26, 7, 32], [11, 31], []]
wevo - INFO - distance_matrix
wevo - INFO - 
[[0.         0.03269863 0.17275047 ... 1.44758415 1.5737009  0.83026409]
 [0.03269863 0.         0.2054491  ... 1.48028278 1.60639954 0.86296272]
 [0.17275047 0.2054491  0.         ... 1.27483368 1.40095043 0.65751362]
 ...
 [1.44758415 1.48028278 1.27483368 ... 0.         0.12611675 0.61732006]
 [1.5737009  1.60639954 1.40095043 ... 0.12611675 0.         0.74343681]
 [0.83026409 0.86296272 0.65751362 ... 0.61732006 0.74343681 0.        ]]
wevo - INFO - Starting variance optimization: 2047685.21562052
wevo - INFO - WEVO ran for 27 cycles
wevo - INFO - 
To split: 50 total: 26 being split 
 [0, 0, 0, 0, 0, 0, 0, 0, 15, 0, 0, 0, 0, 0, 0, 1, 0, 0, 0, 0, 0, 0, 0, 0, 0, 0, 0, 0, 1, 0, 0, 0, 8, 0, 0, 0, 0, 0, 0, 1, 0, 0, 0, 0, 0, 0, 0, 0, 0, 0]
wevo - INFO - 
To merge: 50 total: 26 being merged 
 [[], [], [], [], [], [], [], [], [], [], [], [], [], [], [], [], [], [], [], [], [], [], [], [], [], [], [], [], [], [], [], [], [], [], [], [], [], [], [], [], [], [34, 30, 27, 31, 24], [38], [], [37], [35], [], [26], [], [3, 19, 16, 13, 7, 17, 5, 11, 18, 22, 21, 2, 12, 20, 10, 9, 6]]
wevo - INFO - distance_matrix
wevo - INFO - 
[[0.         0.12256336 0.20067835 ... 2.10977364 1.8247385  1.03842354]
 [0.12256336 0.         0.07811499 ... 1.98721027 1.70217514 0.91586018]
 [0.20067835 0.07811499 0.         ... 1.90909529 1.62406015 0.83774519]
 ...
 [2.10977364 1.98721027 1.90909529 ... 0.         0.28503513 1.0713501 ]
 [1.8247385  1.70217514 1.62406015 ... 0.28503513 0.         0.78631496]
 [1.03842354 0.91586018 0.83774519 ... 1.0713501  0.78631496 0.        ]]
wevo - INFO - Starting variance optimization: 3616624.635527258
wevo - INFO - WEVO ran for 31 cycles
wevo - INFO - 
To split: 50 total: 30 being split 
 [0, 0, 0, 0, 0, 0, 0, 0, 0, 0, 0, 7, 0, 0, 0, 0, 8, 0, 0, 5, 0, 0, 0, 0, 0, 0, 0, 0, 0, 0, 0, 0, 0, 0, 0, 0, 0, 0, 8, 0, 0, 2, 0, 0, 0, 0, 0, 0, 0, 0]
wevo - INFO - 
To merge: 50 total: 30 being merged 
 [[], [], [], [], [], [], [], [], [], [], [], [], [], [], [], [], [], [], [], [], [], [], [], [], [], [], [], [], [], [], [], [], [], [], [], [], [], [], [], [], [36], [], [], [14, 28, 18, 29, 8, 12, 17, 2, 4, 31, 35, 7, 1, 6, 20, 34, 3, 21, 10, 5, 15, 27, 0, 13, 23, 9], [33, 30, 22], [], [], [], [], []]
wevo - INFO - distance_matrix
wevo - INFO - 
[[0.         0.02246666 0.02739286 ... 1.9442215  1.38349533 1.27895451]
 [0.02246666 0.         0.04985952 ... 1.92175484 1.36102867 1.25648785]
 [0.02739286 0.04985952 0.         ... 1.97161436 1.4108882  1.30634737]
 ...
 [1.9442215  1.92175484 1.97161436 ... 0.         0.56072617 0.66526699]
 [1.38349533 1.36102867 1.4108882  ... 0.56072617 0.         0.10454082]
 [1.27895451 1.25648785 1.30634737 ... 0.66526699 0.10454082 0.        ]]
wevo - INFO - Starting variance optimization: 5500231.754987702
wevo - INFO - WEVO ran for 34 cycles
wevo - INFO - 
To split: 50 total: 33 being split 
 [0, 0, 0, 0, 0, 0, 0, 0, 0, 0, 0, 0, 0, 0, 0, 17, 0, 2, 0, 0, 0, 0, 0, 0, 0, 0, 0, 0, 0, 0, 0, 0, 0, 0, 0, 0, 0, 0, 0, 0, 2, 0, 0, 0, 0, 0, 12, 0, 0, 0]
wevo - INFO - 
To merge: 50 total: 33 being merged 
 [[], [], [], [], [], [], [], [], [], [], [], [], [], [], [], [], [], [], [], [], [], [], [], [], [], [], [], [], [], [], [], [], [], [], [], [], [], [38, 39, 28, 34, 33, 31], [], [], [], [36], [], [30, 32], [], [24, 26, 25, 23], [], [], [], [7, 4, 14, 1, 8, 18, 19, 0, 22, 2, 16, 20, 10, 12, 5, 21, 13, 9, 3, 11]]
wevo - INFO - distance_matrix
wevo - INFO - 
[[0.         0.05835629 0.17019796 ... 1.99868202 1.63543892 1.80504036]
 [0.05835629 0.         0.22855425 ... 2.05703831 1.6937952  1.86339664]
 [0.17019796 0.22855425 0.         ... 1.82848406 1.46524096 1.6348424 ]
 ...
 [1.99868202 2.05703831 1.82848406 ... 0.         0.3632431  0.19364166]
 [1.63543892 1.6937952  1.46524096 ... 0.3632431  0.         0.16960144]
 [1.80504036 1.86339664 1.6348424  ... 0.19364166 0.16960144 0.        ]]
wevo - INFO - Starting variance optimization: 7450251.239272233
wevo - INFO - WEVO ran for 21 cycles
wevo - INFO - 
To split: 50 total: 20 being split 
 [0, 0, 0, 0, 14, 0, 0, 0, 0, 0, 0, 0, 0, 0, 1, 0, 0, 0, 0, 0, 0, 0, 0, 0, 0, 0, 1, 0, 0, 0, 0, 0, 0, 0, 0, 0, 0, 0, 0, 0, 0, 3, 0, 1, 0, 0, 0, 0, 0, 0]
wevo - INFO - 
To merge: 50 total: 20 being merged 
 [[], [], [], [], [], [], [], [], [], [], [], [], [], [], [], [], [], [], [], [], [], [], [], [], [], [], [], [], [], [], [], [], [34, 24, 28, 36, 39], [], [], [], [], [], [], [], [], [], [35], [], [], [], [], [], [10, 8, 21, 16, 2, 20, 9, 5, 7, 3, 17, 12, 18, 19], []]
wevo - INFO - distance_matrix
wevo - INFO - 
[[0.         0.09909439 0.2375474  ... 2.30110264 2.14764977 2.42555332]
 [0.09909439 0.         0.13845301 ... 2.20200825 2.04855537 2.32645893]
 [0.2375474  0.13845301 0.         ... 2.06355524 1.91010237 2.18800592]
 ...
 [2.30110264 2.20200825 2.06355524 ... 0.         0.15345287 0.12445068]
 [2.14764977 2.04855537 1.91010237 ... 0.15345287 0.         0.27790356]
 [2.42555332 2.32645893 2.18800592 ... 0.12445068 0.27790356 0.        ]]
wevo - INFO - Starting variance optimization: 9285949.59285625
wevo - INFO - WEVO ran for 16 cycles
wevo - INFO - 
To split: 50 total: 15 being split 
 [3, 1, 0, 0, 1, 0, 0, 0, 0, 0, 0, 1, 0, 0, 0, 0, 3, 1, 0, 0, 0, 0, 0, 0, 0, 0, 0, 0, 0, 0, 0, 0, 0, 0, 0, 1, 0, 1, 0, 0, 0, 3, 0, 0, 0, 0, 0, 0, 0, 0]
wevo - INFO - 
To merge: 50 total: 15 being merged 
 [[], [], [], [], [], [], [], [], [], [], [], [], [], [], [], [], [], [], [], [], [], [], [], [], [], [], [], [], [], [], [], [], [], [], [], [], [], [], [], [], [], [], [36, 30, 23, 32, 34], [], [], [], [], [], [19, 7, 10, 20, 22, 3, 13, 18, 12, 14], []]
wevo - INFO - distance_matrix
wevo - INFO - 
[[0.         0.30571508 0.20373678 ... 2.07058001 2.12885523 2.04773474]
 [0.30571508 0.         0.1019783  ... 2.37629509 2.43457031 2.35344982]
 [0.20373678 0.1019783  0.         ... 2.27431679 2.33259201 2.25147152]
 ...
 [2.07058001 2.37629509 2.27431679 ... 0.         0.05827522 0.02284527]
 [2.12885523 2.43457031 2.33259201 ... 0.05827522 0.         0.08112049]
 [2.04773474 2.35344982 2.25147152 ... 0.02284527 0.08112049 0.        ]]
wevo - INFO - Starting variance optimization: 11065608.54588728
wevo - INFO - WEVO ran for 15 cycles
wevo - INFO - 
To split: 50 total: 14 being split 
 [0, 1, 0, 0, 1, 0, 0, 0, 0, 1, 0, 0, 0, 0, 0, 0, 4, 0, 0, 1, 0, 0, 0, 0, 0, 0, 0, 0, 0, 0, 0, 0, 0, 0, 0, 0, 0, 0, 0, 0, 0, 0, 6, 0, 0, 0, 0, 0, 0, 0]
wevo - INFO - 
To merge: 50 total: 14 being merged 
 [[], [], [], [], [], [], [], [], [], [], [], [], [], [], [], [], [], [], [], [], [], [], [], [], [], [], [], [], [], [], [], [], [], [], [], [], [], [], [], [], [], [24, 29, 31, 26, 39, 27], [], [], [], [], [], [], [], [12, 0, 14, 10, 6, 13, 8, 22]]
wevo - INFO - distance_matrix
wevo - INFO - 
[[0.         0.10400629 0.07857323 ... 2.15871906 2.62846375 2.48322201]
 [0.10400629 0.         0.02543306 ... 2.05471277 2.52445745 2.37921572]
 [0.07857323 0.02543306 0.         ... 2.08014584 2.54989052 2.40464878]
 ...
 [2.15871906 2.05471277 2.08014584 ... 0.         0.46974468 0.32450294]
 [2.62846375 2.52445745 2.54989052 ... 0.46974468 0.         0.14524174]
 [2.48322201 2.37921572 2.40464878 ... 0.32450294 0.14524174 0.        ]]
wevo - INFO - Starting variance optimization: 11833969.208901417
wevo - INFO - WEVO ran for 17 cycles
wevo - INFO - 
To split: 50 total: 16 being split 
 [0, 0, 0, 0, 1, 0, 0, 0, 1, 2, 0, 1, 0, 0, 0, 0, 0, 3, 0, 0, 0, 2, 0, 0, 0, 0, 0, 0, 1, 0, 0, 0, 0, 0, 2, 1, 0, 0, 0, 2, 0, 0, 0, 0, 0, 0, 0, 0, 0, 0]
wevo - INFO - 
To merge: 50 total: 16 being merged 
 [[], [], [], [], [], [], [], [], [], [], [], [], [], [], [], [], [], [], [], [], [], [], [], [], [], [], [], [], [], [], [], [], [], [31, 37, 32, 40, 29, 41], [], [], [], [], [], [], [], [], [], [], [], [], [], [1, 15, 0, 2, 3, 18, 6, 19, 5, 10], [], []]
wevo - INFO - distance_matrix
wevo - INFO - 
[[0.         0.08394575 0.07515574 ... 2.29493904 2.8477478  2.6916275 ]
 [0.08394575 0.         0.00879002 ... 2.21099329 2.76380205 2.60768175]
 [0.07515574 0.00879002 0.         ... 2.21978331 2.77259207 2.61647177]
 ...
 [2.29493904 2.21099329 2.21978331 ... 0.         0.55280876 0.39668846]
 [2.8477478  2.76380205 2.77259207 ... 0.55280876 0.         0.1561203 ]
 [2.6916275  2.60768175 2.61647177 ... 0.39668846 0.1561203  0.        ]]
wevo - INFO - Starting variance optimization: 11657716.159429597
wevo - INFO - WEVO ran for 14 cycles
wevo - INFO - 
To split: 50 total: 13 being split 
 [0, 0, 0, 0, 1, 0, 0, 0, 0, 0, 3, 0, 1, 0, 0, 0, 0, 0, 1, 0, 3, 0, 0, 0, 0, 0, 0, 0, 0, 0, 0, 0, 0, 0, 0, 0, 0, 0, 0, 0, 2, 0, 0, 0, 0, 2, 0, 0, 0, 0]
wevo - INFO - 
To merge: 50 total: 13 being merged 
 [[], [], [], [], [], [], [], [], [], [], [], [], [], [], [], [], [], [], [], [], [], [], [], [], [], [], [], [], [], [], [], [], [], [], [], [], [], [], [], [36, 24, 25], [], [], [29], [], [], [], [], [13, 15, 14, 22, 7, 9, 11, 1, 2], [], []]
wevo - INFO - distance_matrix
wevo - INFO - 
[[0.         0.12898445 0.1737771  ... 2.843009   3.01462269 3.38628292]
 [0.12898445 0.         0.04479265 ... 2.71402454 2.88563824 3.25729847]
 [0.1737771  0.04479265 0.         ... 2.66923189 2.84084558 3.21250582]
 ...
 [2.843009   2.71402454 2.66923189 ... 0.         0.17161369 0.54327393]
 [3.01462269 2.88563824 2.84084558 ... 0.17161369 0.         0.37166023]
 [3.38628292 3.25729847 3.21250582 ... 0.54327393 0.37166023 0.        ]]
wevo - INFO - Starting variance optimization: 13003499.261289634
wevo - INFO - WEVO ran for 18 cycles
wevo - INFO - 
To split: 50 total: 17 being split 
 [0, 0, 0, 0, 0, 0, 0, 0, 0, 0, 0, 0, 0, 0, 0, 4, 0, 2, 0, 3, 0, 2, 0, 0, 0, 0, 0, 1, 1, 0, 0, 1, 1, 0, 1, 0, 0, 0, 0, 0, 1, 0, 0, 0, 0, 0, 0, 0, 0, 0]
wevo - INFO - 
To merge: 50 total: 17 being merged 
 [[], [], [], [], [], [], [], [], [], [], [], [], [], [], [], [], [], [], [], [], [], [], [], [], [], [], [42], [], [], [], [], [], [], [], [], [], [], [], [35, 39, 37, 33, 30], [], [], [], [], [], [], [], [9, 4, 18, 1, 2, 3, 22, 0, 6, 5, 8], [], [], []]
wevo - INFO - distance_matrix
wevo - INFO - 
[[0.         0.01683331 0.25157547 ... 3.05924845 3.28963804 3.54687834]
 [0.01683331 0.         0.26840878 ... 3.04241514 3.27280474 3.53004503]
 [0.25157547 0.26840878 0.         ... 3.31082392 3.54121351 3.79845381]
 ...
 [3.05924845 3.04241514 3.31082392 ... 0.         0.2303896  0.48762989]
 [3.28963804 3.27280474 3.54121351 ... 0.2303896  0.         0.2572403 ]
 [3.54687834 3.53004503 3.79845381 ... 0.48762989 0.2572403  0.        ]]
wevo - INFO - Starting variance optimization: 14719512.812475702
wevo - INFO - WEVO ran for 11 cycles
wevo - INFO - 
To split: 50 total: 10 being split 
 [0, 0, 1, 0, 0, 0, 0, 0, 0, 0, 0, 0, 1, 0, 0, 0, 4, 0, 0, 0, 0, 0, 1, 0, 0, 0, 0, 0, 0, 0, 0, 0, 2, 0, 1, 0, 0, 0, 0, 0, 0, 0, 0, 0, 0, 0, 0, 0, 0, 0]
wevo - INFO - 
To merge: 50 total: 10 being merged 
 [[], [], [], [], [], [], [], [], [], [], [], [], [], [], [], [], [], [], [], [], [], [], [], [], [], [], [], [], [], [], [], [], [], [], [], [], [], [], [], [], [], [31, 27], [23], [], [], [], [13, 11, 20, 19, 15, 6, 8], [], [], []]
wevo - INFO - distance_matrix
wevo - INFO - 
[[0.         0.05308199 0.15731192 ... 3.36713266 3.39647055 3.67375898]
 [0.05308199 0.         0.10422993 ... 3.31405067 3.34338856 3.62067699]
 [0.15731192 0.10422993 0.         ... 3.20982075 3.23915863 3.51644707]
 ...
 [3.36713266 3.31405067 3.20982075 ... 0.         0.02933788 0.30662632]
 [3.39647055 3.34338856 3.23915863 ... 0.02933788 0.         0.27728844]
 [3.67375898 3.62067699 3.51644707 ... 0.30662632 0.27728844 0.        ]]
wevo - INFO - Starting variance optimization: 14984933.137618933
wevo - INFO - WEVO ran for 10 cycles
wevo - INFO - 
To split: 50 total: 9 being split 
 [0, 0, 0, 1, 1, 1, 0, 0, 0, 0, 0, 0, 1, 0, 0, 0, 0, 0, 0, 0, 0, 0, 2, 0, 0, 0, 0, 0, 0, 0, 0, 0, 0, 0, 2, 0, 0, 0, 1, 0, 0, 0, 0, 0, 0, 0, 0, 0, 0, 0]
wevo - INFO - 
To merge: 50 total: 9 being merged 
 [[], [], [], [], [], [], [], [], [], [], [], [], [], [], [], [], [], [], [], [], [], [], [], [], [], [], [], [], [], [], [], [], [], [], [], [], [], [], [], [28, 40, 36], [], [], [], [], [], [], [8, 17, 15, 10, 16, 21], [], [], []]
wevo - INFO - distance_matrix
wevo - INFO - 
[[0.         0.27210569 0.09226656 ... 3.60438681 3.38761377 3.9189105 ]
 [0.27210569 0.         0.36437225 ... 3.8764925  3.65971947 4.1910162 ]
 [0.09226656 0.36437225 0.         ... 3.51212025 3.29534721 3.82664394]
 ...
 [3.60438681 3.8764925  3.51212025 ... 0.         0.21677303 0.3145237 ]
 [3.38761377 3.65971947 3.29534721 ... 0.21677303 0.         0.53129673]
 [3.9189105  4.1910162  3.82664394 ... 0.3145237  0.53129673 0.        ]]
wevo - INFO - Starting variance optimization: 15673258.451271173
wevo - INFO - WEVO ran for 8 cycles
wevo - INFO - 
To split: 50 total: 7 being split 
 [0, 0, 0, 0, 0, 0, 0, 0, 0, 0, 1, 0, 0, 0, 1, 0, 0, 0, 1, 0, 0, 0, 0, 0, 0, 0, 0, 0, 0, 0, 0, 0, 0, 0, 0, 0, 0, 1, 0, 3, 0, 0, 0, 0, 0, 0, 0, 0, 0, 0]
wevo - INFO - 
To merge: 50 total: 7 being merged 
 [[], [], [], [], [], [], [], [], [], [], [], [], [], [], [], [], [], [], [], [], [], [], [], [], [], [], [], [], [], [], [], [], [], [], [], [], [], [], [], [], [35, 31], [], [28], [], [], [], [16, 12, 11, 20], [], [], []]
wevo - INFO - distance_matrix
wevo - INFO - 
[[0.         0.150455   0.13601255 ... 3.33261013 3.29723835 3.9792881 ]
 [0.150455   0.         0.28646755 ... 3.48306513 3.44769335 4.1297431 ]
 [0.13601255 0.28646755 0.         ... 3.19659758 3.1612258  3.84327555]
 ...
 [3.33261013 3.48306513 3.19659758 ... 0.         0.03537178 0.64667797]
 [3.29723835 3.44769335 3.1612258  ... 0.03537178 0.         0.68204975]
 [3.9792881  4.1297431  3.84327555 ... 0.64667797 0.68204975 0.        ]]
wevo - INFO - Starting variance optimization: 15571430.930915808
wevo - INFO - WEVO ran for 10 cycles
wevo - INFO - 
To split: 50 total: 9 being split 
 [0, 0, 0, 0, 0, 0, 0, 0, 0, 0, 0, 0, 0, 0, 1, 0, 1, 0, 0, 0, 0, 1, 0, 1, 0, 0, 0, 0, 0, 0, 0, 0, 1, 0, 0, 0, 0, 2, 0, 0, 1, 0, 0, 0, 0, 0, 0, 0, 0, 1]
wevo - INFO - 
To merge: 50 total: 9 being merged 
 [[], [], [], [], [], [], [], [], [], [], [], [], [], [], [], [], [], [], [], [], [], [], [], [], [], [], [], [], [], [], [], [], [], [], [], [], [], [], [30, 34, 24, 26, 33], [], [], [], [25], [], [], [17, 10, 20], [], [], [], []]
wevo - INFO - distance_matrix
wevo - INFO - 
[[0.         0.22223186 0.0907197  ... 3.68763542 3.84573555 3.40529919]
 [0.22223186 0.         0.13151217 ... 3.46540356 3.62350368 3.18306732]
 [0.0907197  0.13151217 0.         ... 3.59691572 3.75501585 3.31457949]
 ...
 [3.68763542 3.46540356 3.59691572 ... 0.         0.15810013 0.28233624]
 [3.84573555 3.62350368 3.75501585 ... 0.15810013 0.         0.44043636]
 [3.40529919 3.18306732 3.31457949 ... 0.28233624 0.44043636 0.        ]]
wevo - INFO - Starting variance optimization: 17043290.701857302
wevo - INFO - WEVO ran for 9 cycles
wevo - INFO - 
To split: 50 total: 8 being split 
 [0, 0, 0, 0, 0, 0, 0, 0, 0, 0, 0, 0, 0, 0, 0, 0, 0, 0, 0, 0, 1, 0, 0, 0, 0, 0, 0, 0, 0, 0, 0, 1, 0, 0, 0, 1, 0, 0, 0, 0, 4, 0, 0, 1, 0, 0, 0, 0, 0, 0]
wevo - INFO - 
To merge: 50 total: 8 being merged 
 [[], [], [], [], [], [], [], [], [], [], [], [], [], [], [], [], [], [], [], [], [], [], [], [], [], [], [], [], [], [], [], [], [], [], [], [], [], [], [], [], [], [37, 36, 24, 34], [], [], [], [19, 22, 17, 4], [], [], [], []]
wevo - INFO - distance_matrix
wevo - INFO - 
[[0.         0.51293755 0.06851196 ... 2.69535875 4.17429781 3.66315699]
 [0.51293755 0.         0.44442558 ... 2.18242121 3.66136026 3.15021944]
 [0.06851196 0.44442558 0.         ... 2.62684679 4.10578585 3.59464502]
 ...
 [2.69535875 2.18242121 2.62684679 ... 0.         1.47893906 0.96779823]
 [4.17429781 3.66136026 4.10578585 ... 1.47893906 0.         0.51114082]
 [3.66315699 3.15021944 3.59464502 ... 0.96779823 0.51114082 0.        ]]
wevo - INFO - Starting variance optimization: 18008791.03041116
wevo - INFO - WEVO ran for 5 cycles
wevo - INFO - 
To split: 50 total: 4 being split 
 [0, 0, 0, 0, 0, 0, 0, 0, 0, 0, 0, 0, 0, 0, 0, 0, 0, 0, 2, 0, 0, 0, 0, 0, 0, 0, 0, 0, 0, 0, 0, 0, 0, 0, 0, 1, 0, 0, 0, 1, 0, 0, 0, 0, 0, 0, 0, 0, 0, 0]
wevo - INFO - 
To merge: 50 total: 4 being merged 
 [[], [], [], [], [], [], [], [], [], [], [], [], [], [], [], [], [], [], [], [], [], [], [], [], [], [], [], [], [], [], [], [], [], [], [], [], [], [], [], [], [], [], [26, 21], [], [], [], [], [16, 17], [], []]
wevo - INFO - distance_matrix
wevo - INFO - 
[[0.         0.45026112 0.16410875 ... 2.48349524 4.394876   3.92705297]
 [0.45026112 0.         0.28615236 ... 2.03323412 3.94461489 3.47679186]
 [0.16410875 0.28615236 0.         ... 2.31938648 4.23076725 3.76294422]
 ...
 [2.48349524 2.03323412 2.31938648 ... 0.         1.91138077 1.44355774]
 [4.394876   3.94461489 4.23076725 ... 1.91138077 0.         0.46782303]
 [3.92705297 3.47679186 3.76294422 ... 1.44355774 0.46782303 0.        ]]
wevo - INFO - Starting variance optimization: 19011984.507209223
wevo - INFO - WEVO ran for 5 cycles
wevo - INFO - 
To split: 50 total: 4 being split 
 [0, 0, 0, 0, 0, 0, 0, 0, 0, 0, 0, 0, 0, 0, 0, 0, 0, 0, 0, 0, 0, 0, 0, 0, 0, 0, 0, 0, 0, 0, 0, 1, 0, 0, 0, 0, 0, 3, 0, 0, 0, 0, 0, 0, 0, 0, 0, 0, 0, 0]
wevo - INFO - 
To merge: 50 total: 4 being merged 
 [[], [], [], [], [], [], [], [], [], [], [], [], [], [], [], [], [], [], [], [], [], [], [], [], [], [], [], [], [], [], [], [], [], [], [], [], [], [], [], [], [], [34, 38, 21], [], [26], [], [], [], [], [], []]
wevo - INFO - distance_matrix
wevo - INFO - 
[[0.         0.04119539 0.23162985 ... 4.0563941  3.95923376 3.90162897]
 [0.04119539 0.         0.27282524 ... 4.01519871 3.91803837 3.86043358]
 [0.23162985 0.27282524 0.         ... 4.28802395 4.19086361 4.13325882]
 ...
 [4.0563941  4.01519871 4.28802395 ... 0.         0.09716034 0.15476513]
 [3.95923376 3.91803837 4.19086361 ... 0.09716034 0.         0.05760479]
 [3.90162897 3.86043358 4.13325882 ... 0.15476513 0.05760479 0.        ]]
wevo - INFO - Starting variance optimization: 18538592.634711355
wevo - INFO - WEVO ran for 12 cycles
wevo - INFO - 
To split: 50 total: 11 being split 
 [0, 0, 0, 0, 0, 0, 0, 0, 0, 0, 0, 0, 0, 0, 0, 0, 0, 0, 1, 0, 0, 0, 0, 0, 0, 0, 0, 0, 0, 0, 0, 0, 0, 0, 0, 0, 0, 2, 0, 3, 0, 0, 3, 2, 0, 0, 0, 0, 0, 0]
wevo - INFO - 
To merge: 50 total: 11 being merged 
 [[], [], [], [], [], [], [], [], [], [], [], [], [], [], [], [], [], [], [], [], [], [], [], [], [], [], [], [], [], [], [], [], [], [], [], [], [], [], [40], [], [], [36, 21, 23, 26, 24, 22, 29, 25], [], [], [20], [], [19], [], [], []]
wevo - INFO - distance_matrix
wevo - INFO - 
[[0.         0.28755808 0.13626862 ... 3.33865881 3.24444628 3.11464167]
 [0.28755808 0.         0.15128946 ... 3.62621689 3.53200436 3.40219975]
 [0.13626862 0.15128946 0.         ... 3.47492743 3.38071489 3.25091028]
 ...
 [3.33865881 3.62621689 3.47492743 ... 0.         0.09421253 0.22401714]
 [3.24444628 3.53200436 3.38071489 ... 0.09421253 0.         0.12980461]
 [3.11464167 3.40219975 3.25091028 ... 0.22401714 0.12980461 0.        ]]
wevo - INFO - Starting variance optimization: 19563685.43539878
wevo - INFO - WEVO ran for 14 cycles
wevo - INFO - 
To split: 50 total: 13 being split 
 [0, 0, 0, 0, 0, 0, 0, 0, 0, 0, 0, 0, 0, 0, 0, 0, 0, 0, 0, 1, 0, 0, 0, 0, 0, 0, 1, 0, 0, 0, 0, 0, 1, 0, 0, 0, 0, 3, 0, 0, 0, 7, 0, 0, 0, 0, 0, 0, 0, 0]
wevo - INFO - 
To merge: 50 total: 13 being merged 
 [[], [], [], [], [], [], [], [], [], [], [], [], [], [], [], [], [], [], [], [], [], [], [], [], [], [], [], [], [], [], [], [], [], [], [], [42, 38], [], [], [], [], [30, 34, 20, 36, 25, 29, 24, 27], [], [], [], [], [7, 16, 18], [], [], [], []]
wevo - INFO - distance_matrix
wevo - INFO - 
[[0.         0.07916403 0.09485769 ... 3.85691023 3.74795389 3.33960199]
 [0.07916403 0.         0.01569366 ... 3.7777462  3.66878986 3.26043797]
 [0.09485769 0.01569366 0.         ... 3.76205254 3.6530962  3.2447443 ]
 ...
 [3.85691023 3.7777462  3.76205254 ... 0.         0.10895634 0.51730824]
 [3.74795389 3.66878986 3.6530962  ... 0.10895634 0.         0.4083519 ]
 [3.33960199 3.26043797 3.2447443  ... 0.51730824 0.4083519  0.        ]]
wevo - INFO - Starting variance optimization: 19731396.626270276
wevo - INFO - WEVO ran for 16 cycles
wevo - INFO - 
To split: 50 total: 15 being split 
 [0, 0, 0, 0, 0, 0, 0, 0, 0, 0, 0, 0, 0, 0, 0, 0, 0, 0, 0, 0, 0, 0, 0, 0, 0, 0, 0, 0, 0, 0, 0, 0, 0, 0, 0, 0, 0, 0, 0, 1, 8, 0, 0, 3, 0, 3, 0, 0, 0, 0]
wevo - INFO - 
To merge: 50 total: 15 being merged 
 [[], [], [], [], [], [], [], [16], [], [], [], [], [], [], [8, 6], [], [], [], [], [], [], [], [], [], [], [], [], [], [], [27, 22, 30, 35, 33, 36], [], [], [], [], [], [], [], [], [], [], [], [19, 25, 23, 21, 28], [20], [], [], [], [], [], [], []]
wevo - INFO - distance_matrix
wevo - INFO - 
[[0.         0.49932718 0.13904619 ... 3.6540904  3.63130999 3.40276289]
 [0.49932718 0.         0.36028099 ... 4.15341759 4.13063717 3.90209007]
 [0.13904619 0.36028099 0.         ... 3.7931366  3.77035618 3.54180908]
 ...
 [3.6540904  4.15341759 3.7931366  ... 0.         0.02278042 0.25132751]
 [3.63130999 4.13063717 3.77035618 ... 0.02278042 0.         0.2285471 ]
 [3.40276289 3.90209007 3.54180908 ... 0.25132751 0.2285471  0.        ]]
wevo - INFO - Starting variance optimization: 20747580.683755036
wevo - INFO - WEVO ran for 20 cycles
wevo - INFO - 
To split: 50 total: 19 being split 
 [0, 0, 0, 0, 0, 0, 0, 0, 0, 0, 0, 0, 0, 0, 1, 0, 1, 0, 0, 0, 1, 0, 0, 0, 0, 0, 0, 0, 0, 0, 0, 0, 0, 0, 0, 0, 0, 0, 0, 0, 0, 4, 12, 0, 0, 0, 0, 0, 0, 0]
wevo - INFO - 
To merge: 50 total: 19 being merged 
 [[], [], [], [], [], [], [], [], [], [], [], [], [], [], [], [], [], [], [], [28], [], [], [], [], [], [], [], [], [], [], [], [], [], [38, 37, 34, 29, 24, 27], [], [], [31, 32, 17], [], [], [], [35, 39, 22, 23, 26, 21, 13, 18, 25], [], [], [], [], [], [], [], [], []]
wevo - INFO - distance_matrix
wevo - INFO - 
[[0.         0.02501249 0.09144878 ... 3.51129293 3.44119215 3.29601049]
 [0.02501249 0.         0.06643629 ... 3.53630543 3.46620464 3.32102299]
 [0.09144878 0.06643629 0.         ... 3.60274172 3.53264093 3.38745928]
 ...
 [3.51129293 3.53630543 3.60274172 ... 0.         0.07010078 0.21528244]
 [3.44119215 3.46620464 3.53264093 ... 0.07010078 0.         0.14518166]
 [3.29601049 3.32102299 3.38745928 ... 0.21528244 0.14518166 0.        ]]
wevo - INFO - Starting variance optimization: 21046011.381494656
wevo - INFO - WEVO ran for 20 cycles
wevo - INFO - 
To split: 50 total: 19 being split 
 [0, 0, 0, 0, 0, 0, 0, 0, 0, 0, 0, 0, 0, 0, 0, 0, 0, 0, 0, 0, 0, 0, 0, 0, 0, 0, 0, 0, 1, 0, 0, 0, 0, 0, 6, 0, 0, 0, 3, 0, 9, 0, 0, 0, 0, 0, 0, 0, 0, 0]
wevo - INFO - 
To merge: 50 total: 19 being merged 
 [[], [], [], [], [], [], [], [], [], [], [], [], [], [], [], [], [], [], [], [], [], [29, 26], [], [], [], [], [], [25, 37, 36, 10, 14, 39, 22, 32, 23, 16, 24], [], [], [], [], [], [], [], [], [], [], [], [], [], [35, 6, 7, 13], [30], [15], [], [], [], [], [], []]
wevo - INFO - distance_matrix
wevo - INFO - 
[[0.         0.00476313 0.40177488 ... 3.78407192 3.558465   3.36960411]
 [0.00476313 0.         0.40653801 ... 3.7793088  3.55370188 3.36484098]
 [0.40177488 0.40653801 0.         ... 4.18584681 3.96023989 3.77137899]
 ...
 [3.78407192 3.7793088  4.18584681 ... 0.         0.22560692 0.41446781]
 [3.558465   3.55370188 3.96023989 ... 0.22560692 0.         0.18886089]
 [3.36960411 3.36484098 3.77137899 ... 0.41446781 0.18886089 0.        ]]
wevo - INFO - Starting variance optimization: 21842595.786350258
wevo - INFO - WEVO ran for 18 cycles
wevo - INFO - 
To split: 50 total: 17 being split 
 [0, 0, 0, 0, 0, 0, 0, 0, 0, 0, 0, 6, 0, 0, 4, 0, 0, 0, 0, 0, 0, 0, 0, 0, 0, 0, 0, 0, 0, 0, 3, 0, 0, 0, 0, 0, 2, 0, 0, 0, 2, 0, 0, 0, 0, 0, 0, 0, 0, 0]
wevo - INFO - 
To merge: 50 total: 17 being merged 
 [[], [], [], [], [], [], [], [], [], [], [], [], [], [], [], [], [], [], [], [22, 20, 15, 7, 21], [], [], [], [], [], [23, 17, 39, 29, 33, 38, 34, 31], [], [], [], [], [], [], [], [], [], [], [], [], [], [], [], [12, 13], [10], [16], [], [], [], [], [], []]
wevo - INFO - distance_matrix
wevo - INFO - 
[[0.         0.0780468  0.05970573 ... 2.11725616 2.98938227 3.91094923]
 [0.0780468  0.         0.01834106 ... 2.19530296 3.06742907 3.98899603]
 [0.05970573 0.01834106 0.         ... 2.1769619  3.049088   3.97065496]
 ...
 [2.11725616 2.19530296 2.1769619  ... 0.         0.8721261  1.79369307]
 [2.98938227 3.06742907 3.049088   ... 0.8721261  0.         0.92156696]
 [3.91094923 3.98899603 3.97065496 ... 1.79369307 0.92156696 0.        ]]
wevo - INFO - Starting variance optimization: 23859986.03431851
wevo - INFO - WEVO ran for 26 cycles
wevo - INFO - 
To split: 50 total: 25 being split 
 [0, 0, 0, 0, 0, 0, 0, 0, 0, 0, 0, 0, 0, 11, 0, 0, 0, 0, 4, 0, 0, 0, 0, 0, 0, 0, 0, 0, 0, 0, 0, 0, 0, 0, 0, 0, 0, 4, 0, 0, 6, 0, 0, 0, 0, 0, 0, 0, 0, 0]
wevo - INFO - 
To merge: 50 total: 25 being merged 
 [[], [], [], [], [], [], [], [], [], [], [11], [], [], [], [], [], [], [], [], [], [], [], [], [], [], [], [], [], [], [], [], [], [36, 19, 31, 34, 25, 21, 22, 24, 39, 30, 27, 35], [], [], [], [], [], [], [], [], [20, 15, 17], [], [], [], [16], [9], [8, 12, 4, 0, 7, 2, 1], [], []]
wevo - INFO - distance_matrix
wevo - INFO - 
[[0.         0.11730957 0.01576519 ... 4.32751417 2.70368528 4.05648947]
 [0.11730957 0.         0.13307476 ... 4.44482374 2.82099485 4.17379904]
 [0.01576519 0.13307476 0.         ... 4.31174898 2.68792009 4.04072428]
 ...
 [4.32751417 4.44482374 4.31174898 ... 0.         1.62382889 0.2710247 ]
 [2.70368528 2.82099485 2.68792009 ... 1.62382889 0.         1.35280418]
 [4.05648947 4.17379904 4.04072428 ... 0.2710247  1.35280418 0.        ]]
wevo - INFO - Starting variance optimization: 30428144.757630847
wevo - INFO - WEVO ran for 21 cycles
wevo - INFO - 
To split: 50 total: 20 being split 
 [0, 0, 0, 1, 0, 0, 0, 0, 0, 0, 0, 0, 0, 0, 0, 13, 0, 0, 0, 0, 0, 0, 0, 0, 0, 0, 0, 2, 0, 0, 1, 1, 0, 0, 0, 0, 0, 0, 1, 0, 0, 0, 0, 1, 0, 0, 0, 0, 0, 0]
wevo - INFO - 
To merge: 50 total: 20 being merged 
 [[], [], [], [], [], [], [], [], [], [], [], [], [], [], [], [], [21, 20, 19, 12, 18, 7, 6, 13, 11, 5, 14, 4], [], [], [], [], [], [36], [], [], [39], [], [], [], [], [], [], [34, 24], [], [], [], [], [], [], [], [23, 37, 35], [], [], [], [], [8], [], [], [], []]
wevo - INFO - distance_matrix
wevo - INFO - 
[[0.         0.11141062 0.0178256  ... 3.97809696 2.98787212 3.87067413]
 [0.11141062 0.         0.09358501 ... 4.08950758 3.09928274 3.98208475]
 [0.0178256  0.09358501 0.         ... 3.99592257 3.00569773 3.88849974]
 ...
 [3.97809696 4.08950758 3.99592257 ... 0.         0.99022484 0.10742283]
 [2.98787212 3.09928274 3.00569773 ... 0.99022484 0.         0.88280201]
 [3.87067413 3.98208475 3.88849974 ... 0.10742283 0.88280201 0.        ]]
wevo - INFO - Starting variance optimization: 33516433.5042345
wevo - INFO - WEVO ran for 37 cycles
wevo - INFO - 
To split: 50 total: 36 being split 
 [0, 0, 0, 0, 0, 0, 0, 1, 0, 0, 0, 0, 0, 0, 0, 0, 0, 0, 19, 0, 0, 0, 0, 0, 0, 0, 0, 0, 0, 0, 0, 0, 0, 0, 0, 0, 0, 0, 0, 0, 0, 0, 16, 0, 0, 0, 0, 0, 0, 0]
wevo - INFO - 
To merge: 50 total: 36 being merged 
 [[], [], [], [], [], [], [], [], [], [], [], [], [], [], [], [], [], [], [], [], [], [], [17, 13, 11, 5, 9, 0, 20, 2, 14, 1, 3, 12, 15, 19, 4, 8, 10, 16, 6, 21], [], [], [], [], [], [], [], [], [], [], [], [], [], [], [], [], [40], [], [23, 37, 24, 32, 27, 25, 30, 26, 36, 31, 29, 28, 38, 34, 35], [], [], [], [], [], [], [], []]
wevo - INFO - distance_matrix
wevo - INFO - 
[[0.         0.06564236 0.25171375 ... 3.24599552 2.38852882 2.92195511]
 [0.06564236 0.         0.31735611 ... 3.18035316 2.32288647 2.85631275]
 [0.25171375 0.31735611 0.         ... 3.49770927 2.64024258 3.17366886]
 ...
 [3.24599552 3.18035316 3.49770927 ... 0.         0.8574667  0.32404041]
 [2.38852882 2.32288647 2.64024258 ... 0.8574667  0.         0.53342628]
 [2.92195511 2.85631275 3.17366886 ... 0.32404041 0.53342628 0.        ]]
wevo - INFO - Starting variance optimization: 47911882.71826023
wevo - INFO - WEVO ran for 24 cycles
wevo - INFO - 
To split: 50 total: 23 being split 
 [0, 0, 6, 0, 0, 0, 0, 3, 0, 3, 0, 0, 0, 0, 0, 0, 0, 0, 0, 3, 0, 1, 0, 0, 0, 1, 0, 0, 0, 0, 0, 0, 1, 1, 0, 0, 0, 0, 2, 1, 0, 0, 0, 0, 1, 0, 0, 0, 0, 0]
wevo - INFO - 
To merge: 50 total: 23 being merged 
 [[], [], [], [], [], [], [], [], [], [], [], [], [], [], [], [], [], [], [], [], [], [], [14, 13, 15, 16, 6, 8, 5, 17, 1, 12, 11, 10, 0, 3, 18, 20], [], [], [], [], [], [], [], [24, 31, 26, 27, 36, 40, 35], [], [], [], [], [], [], [], [], [], [], [], [], [], [], [], [], [], [], []]
wevo - INFO - distance_matrix
wevo - INFO - 
[[0.         0.1502676  0.10387802 ... 3.69979239 2.60936689 2.98827696]
 [0.1502676  0.         0.25414562 ... 3.85005999 2.75963449 3.13854456]
 [0.10387802 0.25414562 0.         ... 3.59591436 2.50548887 2.88439894]
 ...
 [3.69979239 3.85005999 3.59591436 ... 0.         1.09042549 0.71151543]
 [2.60936689 2.75963449 2.50548887 ... 1.09042549 0.         0.37891006]
 [2.98827696 3.13854456 2.88439894 ... 0.71151543 0.37891006 0.        ]]
wevo - INFO - Starting variance optimization: 55488266.67237724
wevo - INFO - WEVO ran for 36 cycles
wevo - INFO - 
To split: 50 total: 35 being split 
 [0, 0, 0, 0, 0, 0, 0, 0, 0, 0, 19, 0, 0, 0, 0, 0, 0, 0, 0, 0, 2, 0, 0, 0, 0, 0, 0, 0, 0, 0, 0, 0, 0, 0, 0, 0, 0, 0, 0, 0, 5, 1, 0, 0, 8, 0, 0, 0, 0, 0]
wevo - INFO - 
To merge: 50 total: 35 being merged 
 [[], [], [], [], [], [], [], [], [], [], [], [], [], [], [], [], [], [], [], [], [], [], [7, 6, 17, 19, 16, 2, 13, 4, 9, 12, 18, 14, 0, 11, 21, 3, 15, 5, 8, 1], [], [], [], [], [], [], [], [], [], [], [], [], [39, 24, 34, 38, 37, 32, 28, 23, 31, 25, 36, 30, 33, 27, 26], [], [], [], [], [], [], [], [], [], [], [], [], [], []]
wevo - INFO - distance_matrix
wevo - INFO - 
[[0.         0.20059347 0.07676411 ... 4.01031971 2.9840765  3.59269714]
 [0.20059347 0.         0.12382936 ... 4.21091318 3.18466997 3.79329062]
 [0.07676411 0.12382936 0.         ... 4.08708382 3.06084061 3.66946125]
 ...
 [4.01031971 4.21091318 4.08708382 ... 0.         1.02624321 0.41762257]
 [2.9840765  3.18466997 3.06084061 ... 1.02624321 0.         0.60862064]
 [3.59269714 3.79329062 3.66946125 ... 0.41762257 0.60862064 0.        ]]
wevo - INFO - Starting variance optimization: 67261090.79244795
wevo - INFO - WEVO ran for 18 cycles
wevo - INFO - 
To split: 50 total: 17 being split 
 [0, 3, 0, 1, 0, 0, 0, 0, 0, 0, 2, 0, 1, 0, 0, 0, 0, 0, 0, 2, 0, 0, 0, 0, 0, 0, 0, 0, 0, 0, 0, 0, 0, 0, 0, 0, 0, 1, 0, 0, 1, 1, 3, 2, 0, 0, 0, 0, 0, 0]
wevo - INFO - 
To merge: 50 total: 17 being merged 
 [[], [], [], [], [], [], [], [], [], [], [], [], [], [], [], [], [], [], [], [], [], [15, 13, 17, 16, 11, 20, 9, 6, 22], [], [], [], [], [], [], [], [], [], [], [], [34, 23, 39, 25, 28, 32, 31, 35], [], [], [], [], [], [], [], [], [], [], [], [], [], [], [], []]
wevo - INFO - distance_matrix
wevo - INFO - 
[[0.         0.26390505 0.08521414 ... 4.12859678 3.35051966 4.00572634]
 [0.26390505 0.         0.17869091 ... 3.86469173 3.08661461 3.74182129]
 [0.08521414 0.17869091 0.         ... 4.04338264 3.26530552 3.9205122 ]
 ...
 [4.12859678 3.86469173 4.04338264 ... 0.         0.77807713 0.12287045]
 [3.35051966 3.08661461 3.26530552 ... 0.77807713 0.         0.65520668]
 [4.00572634 3.74182129 3.9205122  ... 0.12287045 0.65520668 0.        ]]
wevo - INFO - Starting variance optimization: 74943988.31419197
wevo - INFO - WEVO ran for 3 cycles
wevo - INFO - 
To split: 50 total: 2 being split 
 [0, 0, 0, 0, 0, 0, 0, 0, 0, 1, 0, 0, 0, 1, 0, 0, 0, 0, 0, 0, 0, 0, 0, 0, 0, 0, 0, 0, 0, 0, 0, 0, 0, 0, 0, 0, 0, 0, 0, 0, 0, 0, 0, 0, 0, 0, 0, 0, 0, 0]
wevo - INFO - 
To merge: 50 total: 2 being merged 
 [[], [], [], [], [], [], [], [], [], [], [], [], [], [], [], [], [], [], [], [], [], [], [17], [], [], [], [], [], [43], [], [], [], [], [], [], [], [], [], [], [], [], [], [], [], [], [], [], [], [], []]
wevo - INFO - distance_matrix
wevo - INFO - 
[[0.         0.05944204 0.38054371 ... 4.39677715 3.52830601 3.94354343]
 [0.05944204 0.         0.43998575 ... 4.4562192  3.58774805 4.00298548]
 [0.38054371 0.43998575 0.         ... 4.01623344 3.1477623  3.56299973]
 ...
 [4.39677715 4.4562192  4.01623344 ... 0.         0.86847115 0.45323372]
 [3.52830601 3.58774805 3.1477623  ... 0.86847115 0.         0.41523743]
 [3.94354343 4.00298548 3.56299973 ... 0.45323372 0.41523743 0.        ]]
wevo - INFO - Starting variance optimization: 73671972.72707815
wevo - INFO - WEVO ran for 15 cycles
wevo - INFO - 
To split: 50 total: 14 being split 
 [1, 2, 0, 1, 0, 1, 0, 0, 0, 0, 0, 0, 0, 0, 0, 0, 0, 0, 0, 0, 4, 0, 0, 0, 0, 0, 0, 0, 0, 0, 1, 0, 0, 0, 0, 0, 0, 0, 0, 1, 0, 0, 0, 3, 0, 0, 0, 0, 0, 0]
wevo - INFO - 
To merge: 50 total: 14 being merged 
 [[], [], [10, 9, 16, 18, 13, 8, 6], [], [], [], [], [], [], [], [], [], [], [], [], [], [], [], [], [], [], [11], [], [], [], [], [37, 41, 28, 34], [], [], [], [], [], [], [], [], [], [], [], [], [], [], [], [], [], [], [23, 15], [], [], [], []]
wevo - INFO - distance_matrix
wevo - INFO - 
[[0.         0.37608385 0.41314316 ... 4.00911713 3.66365147 3.84426594]
 [0.37608385 0.         0.03705931 ... 4.38520098 4.03973532 4.22034979]
 [0.41314316 0.03705931 0.         ... 4.42226028 4.07679462 4.2574091 ]
 ...
 [4.00911713 4.38520098 4.42226028 ... 0.         0.34546566 0.16485119]
 [3.66365147 4.03973532 4.07679462 ... 0.34546566 0.         0.18061447]
 [3.84426594 4.22034979 4.2574091  ... 0.16485119 0.18061447 0.        ]]
wevo - INFO - Starting variance optimization: 82343643.98520626
wevo - INFO - WEVO ran for 13 cycles
wevo - INFO - 
To split: 50 total: 12 being split 
 [0, 1, 1, 0, 0, 0, 0, 0, 0, 1, 0, 4, 0, 0, 1, 0, 1, 0, 0, 0, 0, 0, 0, 0, 0, 0, 0, 0, 0, 0, 0, 0, 0, 0, 0, 0, 0, 0, 0, 0, 1, 1, 1, 0, 0, 0, 0, 0, 0, 0]
wevo - INFO - 
To merge: 50 total: 12 being merged 
 [[], [], [], [], [], [], [], [], [], [], [], [], [], [], [], [], [], [], [22, 20, 17, 19, 15, 0, 4, 21, 7], [], [], [], [], [], [], [], [], [], [], [], [], [], [], [], [], [], [], [], [], [33], [], [], [], [25, 23], [], [], [], [], [], []]
wevo - INFO - distance_matrix
wevo - INFO - 
[[0.         0.15430307 0.00962591 ... 4.56574631 4.13192749 4.10988426]
 [0.15430307 0.         0.16392899 ... 4.41144323 3.97762442 3.95558119]
 [0.00962591 0.16392899 0.         ... 4.57537222 4.1415534  4.11951017]
 ...
 [4.56574631 4.41144323 4.57537222 ... 0.         0.43381882 0.45586205]
 [4.13192749 3.97762442 4.1415534  ... 0.43381882 0.         0.02204323]
 [4.10988426 3.95558119 4.11951017 ... 0.45586205 0.02204323 0.        ]]
wevo - INFO - Starting variance optimization: 89812280.05386442
wevo - INFO - WEVO ran for 16 cycles
wevo - INFO - 
To split: 50 total: 15 being split 
 [0, 0, 0, 0, 0, 0, 1, 0, 0, 3, 0, 0, 0, 3, 0, 0, 0, 0, 0, 0, 1, 0, 0, 0, 0, 0, 0, 0, 0, 0, 1, 0, 0, 1, 1, 0, 1, 0, 0, 1, 0, 0, 2, 0, 0, 0, 0, 0, 0, 0]
wevo - INFO - 
To merge: 50 total: 15 being merged 
 [[], [], [], [], [], [], [], [], [], [], [], [], [], [], [], [], [], [], [7], [], [], [], [19, 4, 3, 12, 15, 5, 1], [], [], [], [], [], [], [], [], [], [29, 24, 37, 26, 31, 40], [], [], [], [], [], [], [], [], [], [], [23], [], [], [], [], [], []]
wevo - INFO - distance_matrix
wevo - INFO - 
