wevo - INFO - distance_matrix
wevo - INFO - 
[[0.         0.1026535  0.21537685 ... 0.00768948 0.13920784 0.28785515]
 [0.1026535  0.         0.11272335 ... 0.09496403 0.03655434 0.18520164]
 [0.21537685 0.11272335 0.         ... 0.20768738 0.07616901 0.07247829]
 ...
 [0.00768948 0.09496403 0.20768738 ... 0.         0.13151836 0.28016567]
 [0.13920784 0.03655434 0.07616901 ... 0.13151836 0.         0.14864731]
 [0.28785515 0.18520164 0.07247829 ... 0.28016567 0.14864731 0.        ]]
wevo - INFO - Starting variance optimization: 2305.83596581776
wevo - INFO - WEVO ran for 36 cycles
wevo - INFO - 
To split: 50 total: 35 being split 
 [0, 0, 0, 0, 0, 0, 0, 0, 1, 0, 0, 0, 0, 0, 0, 0, 0, 0, 0, 0, 0, 0, 0, 0, 0, 0, 0, 0, 0, 0, 0, 0, 0, 0, 0, 0, 0, 0, 0, 0, 17, 0, 0, 0, 0, 17, 0, 0, 0, 0]
wevo - INFO - 
To merge: 50 total: 35 being merged 
 [[], [21, 41, 5], [], [], [29, 43, 11], [], [35, 0, 18], [], [], [], [13, 23, 24], [], [32, 31, 49], [], [], [19, 17, 9], [], [], [], [], [2, 25, 14], [], [33, 27], [], [], [], [], [], [39, 26, 30], [], [], [], [], [], [], [], [], [3, 36, 48], [], [], [], [], [], [], [16, 34, 7], [], [], [46, 38, 42], [], []]
wevo - INFO - distance_matrix
wevo - INFO - 
[[0.         0.0440979  0.03063297 ... 0.27395058 0.33423042 0.03956509]
 [0.0440979  0.         0.07473087 ... 0.22985268 0.29013252 0.00453281]
 [0.03063297 0.07473087 0.         ... 0.30458355 0.3648634  0.07019806]
 ...
 [0.27395058 0.22985268 0.30458355 ... 0.         0.06027985 0.23438549]
 [0.33423042 0.29013252 0.3648634  ... 0.06027985 0.         0.29466534]
 [0.03956509 0.00453281 0.07019806 ... 0.23438549 0.29466534 0.        ]]
wevo - INFO - Starting variance optimization: 63189.85648873416
wevo - INFO - WEVO ran for 37 cycles
wevo - INFO - 
To split: 50 total: 36 being split 
 [0, 0, 0, 0, 0, 0, 0, 0, 0, 0, 0, 0, 0, 0, 0, 0, 0, 0, 0, 0, 0, 0, 0, 0, 0, 0, 0, 0, 0, 0, 0, 0, 0, 0, 0, 0, 19, 0, 0, 0, 0, 0, 0, 0, 0, 17, 0, 0, 0, 0]
wevo - INFO - 
To merge: 50 total: 36 being merged 
 [[], [], [], [], [], [], [], [], [], [], [], [], [], [], [], [], [], [], [], [], [], [], [], [], [], [], [], [], [], [], [], [], [], [], [], [], [], [], [], [7, 13, 34, 23], [], [32, 4, 17, 28, 22, 2], [], [6], [8, 15, 1, 31, 21, 33, 26, 35], [], [], [10, 18, 14, 16, 11, 5, 0, 25, 20], [30, 29, 12, 37, 9, 27, 19, 24], []]
wevo - INFO - distance_matrix
wevo - INFO - 
[[0.         0.05356979 0.10481548 ... 0.54471397 0.45508003 0.64654064]
 [0.05356979 0.         0.15838528 ... 0.59828377 0.50864983 0.70011044]
 [0.10481548 0.15838528 0.         ... 0.43989849 0.35026455 0.54172516]
 ...
 [0.54471397 0.59828377 0.43989849 ... 0.         0.08963394 0.10182667]
 [0.45508003 0.50864983 0.35026455 ... 0.08963394 0.         0.19146061]
 [0.64654064 0.70011044 0.54172516 ... 0.10182667 0.19146061 0.        ]]
wevo - INFO - Starting variance optimization: 229163.39591797115
wevo - INFO - WEVO ran for 36 cycles
wevo - INFO - 
To split: 50 total: 35 being split 
 [0, 0, 0, 0, 0, 0, 0, 0, 0, 20, 0, 0, 0, 0, 0, 0, 0, 0, 0, 0, 0, 0, 0, 5, 0, 0, 0, 6, 0, 0, 0, 0, 4, 0, 0, 0, 0, 0, 0, 0, 0, 0, 0, 0, 0, 0, 0, 0, 0, 0]
wevo - INFO - 
To merge: 50 total: 35 being merged 
 [[], [], [], [], [], [], [], [], [], [], [], [], [], [], [], [], [], [], [], [], [], [], [], [], [], [], [], [], [], [], [], [], [], [], [], [], [], [], [], [], [33, 35], [38, 31], [], [], [10, 30, 18, 12, 1, 17, 4, 7, 16, 3, 37, 28], [11, 13, 5, 2, 8, 6, 15, 19, 26, 0, 24, 14, 20], [36, 34], [21, 22], [29, 25], []]
wevo - INFO - distance_matrix
wevo - INFO - 
[[0.         0.12946701 0.09346771 ... 1.12647438 1.32443142 0.95593834]
 [0.12946701 0.         0.0359993  ... 0.99700737 1.19496441 0.82647133]
 [0.09346771 0.0359993  0.         ... 1.03300667 1.23096371 0.86247063]
 ...
 [1.12647438 0.99700737 1.03300667 ... 0.         0.19795704 0.17053604]
 [1.32443142 1.19496441 1.23096371 ... 0.19795704 0.         0.36849308]
 [0.95593834 0.82647133 0.86247063 ... 0.17053604 0.36849308 0.        ]]
wevo - INFO - Starting variance optimization: 699103.4465639882
wevo - INFO - WEVO ran for 28 cycles
wevo - INFO - 
To split: 50 total: 27 being split 
 [0, 0, 0, 0, 0, 0, 0, 0, 0, 0, 0, 0, 14, 1, 0, 0, 0, 0, 0, 2, 0, 0, 0, 0, 0, 3, 0, 0, 0, 0, 2, 0, 0, 3, 0, 0, 0, 0, 2, 0, 0, 0, 0, 0, 0, 0, 0, 0, 0, 0]
wevo - INFO - 
To merge: 50 total: 27 being merged 
 [[], [], [], [], [], [], [], [], [], [], [], [], [], [], [], [], [], [], [], [], [], [], [], [], [], [], [], [], [], [], [], [], [], [], [], [], [], [], [], [22, 18, 21, 2, 34, 14, 28, 29, 31, 10, 26, 20, 37, 4, 35, 0, 5], [], [], [8, 36, 15, 9, 16, 17, 24, 11, 1, 3], [], [], [], [], [], [], []]
wevo - INFO - distance_matrix
wevo - INFO - 
[[0.         0.04236889 0.04101944 ... 1.39780235 1.47644043 1.22226238]
 [0.04236889 0.         0.08338833 ... 1.44017124 1.51880932 1.26463127]
 [0.04101944 0.08338833 0.         ... 1.35678291 1.43542099 1.18124294]
 ...
 [1.39780235 1.44017124 1.35678291 ... 0.         0.07863808 0.17553997]
 [1.47644043 1.51880932 1.43542099 ... 0.07863808 0.         0.25417805]
 [1.22226238 1.26463127 1.18124294 ... 0.17553997 0.25417805 0.        ]]
wevo - INFO - Starting variance optimization: 1073615.6216159072
wevo - INFO - WEVO ran for 27 cycles
wevo - INFO - 
To split: 50 total: 26 being split 
 [1, 7, 0, 0, 0, 0, 0, 0, 0, 0, 10, 0, 0, 0, 0, 0, 0, 0, 0, 0, 0, 0, 0, 0, 0, 0, 0, 0, 0, 0, 0, 0, 3, 2, 0, 2, 0, 0, 0, 0, 0, 0, 0, 0, 1, 0, 0, 0, 0, 0]
wevo - INFO - 
To merge: 50 total: 26 being merged 
 [[], [], [], [], [], [], [], [], [], [], [], [], [], [], [], [], [], [], [], [], [], [], [], [], [], [], [], [], [], [], [], [], [], [], [], [], [], [], [], [], [], [], [29, 5, 18, 6, 19, 11, 15, 3, 22, 8, 25, 16, 27, 20, 23, 4, 24, 17, 12, 28, 14, 13, 36, 7, 9, 2], [], [], [], [], [], [], []]
wevo - INFO - distance_matrix
wevo - INFO - 
[[0.         0.16111279 0.00497246 ... 1.48348808 1.51060295 1.33344936]
 [0.16111279 0.         0.16608524 ... 1.3223753  1.34949017 1.17233658]
 [0.00497246 0.16608524 0.         ... 1.48846054 1.51557541 1.33842182]
 ...
 [1.48348808 1.3223753  1.48846054 ... 0.         0.02711487 0.15003872]
 [1.51060295 1.34949017 1.51557541 ... 0.02711487 0.         0.17715359]
 [1.33344936 1.17233658 1.33842182 ... 0.15003872 0.17715359 0.        ]]
wevo - INFO - Starting variance optimization: 1600992.4473767013
wevo - INFO - WEVO ran for 35 cycles
wevo - INFO - 
To split: 50 total: 34 being split 
 [0, 0, 0, 0, 0, 0, 0, 0, 0, 0, 0, 0, 0, 7, 0, 0, 1, 0, 0, 0, 11, 0, 0, 0, 0, 0, 0, 0, 0, 0, 0, 0, 0, 0, 0, 0, 0, 0, 15, 0, 0, 0, 0, 0, 0, 0, 0, 0, 0, 0]
wevo - INFO - 
To merge: 50 total: 34 being merged 
 [[], [], [], [], [], [], [], [], [], [], [], [], [], [], [], [], [], [], [], [], [], [], [], [], [], [], [], [], [], [], [], [], [], [], [], [], [], [], [], [], [], [], [], [], [37, 1, 5, 19, 14, 24, 11, 18, 4, 17, 3, 8, 27, 0, 30, 2, 26, 10, 28, 25, 15, 36, 21, 34, 6, 29, 9, 33, 7, 35, 31, 23, 22, 32], [], [], [], [], []]
wevo - INFO - distance_matrix
wevo - INFO - 
[[0.         0.25224495 0.30727434 ... 1.29741573 1.70949364 1.12658501]
 [0.25224495 0.         0.05502939 ... 1.54966068 1.96173859 1.37882996]
 [0.30727434 0.05502939 0.         ... 1.60469007 2.01676798 1.43385935]
 ...
 [1.29741573 1.54966068 1.60469007 ... 0.         0.4120779  0.17083073]
 [1.70949364 1.96173859 2.01676798 ... 0.4120779  0.         0.58290863]
 [1.12658501 1.37882996 1.43385935 ... 0.17083073 0.58290863 0.        ]]
wevo - INFO - Starting variance optimization: 2531818.343415878
wevo - INFO - WEVO ran for 29 cycles
wevo - INFO - 
To split: 50 total: 28 being split 
 [0, 0, 0, 2, 0, 0, 0, 0, 0, 0, 0, 0, 15, 0, 0, 0, 0, 0, 0, 0, 0, 0, 1, 0, 0, 0, 0, 0, 0, 0, 0, 0, 0, 0, 0, 0, 0, 0, 0, 0, 0, 0, 0, 0, 0, 0, 0, 0, 10, 0]
wevo - INFO - 
To merge: 50 total: 28 being merged 
 [[], [], [], [], [], [], [], [], [], [], [], [], [], [], [], [], [], [], [], [], [], [], [], [], [], [], [], [], [], [], [], [], [], [], [], [], [], [], [], [], [31, 37, 23, 29, 36, 26, 27, 30], [], [], [], [0, 19, 15, 21, 16, 10, 32, 9, 18, 11, 24, 17, 6, 7, 13, 14, 8, 1, 20, 5], [], [], [], [], []]
wevo - INFO - distance_matrix
wevo - INFO - 
[[0.         0.09121895 0.09281588 ... 1.66086864 1.60958672 1.40000534]
 [0.09121895 0.         0.18403482 ... 1.75208759 1.70080566 1.49122429]
 [0.09281588 0.18403482 0.         ... 1.56805277 1.51677084 1.30718946]
 ...
 [1.66086864 1.75208759 1.56805277 ... 0.         0.05128193 0.2608633 ]
 [1.60958672 1.70080566 1.51677084 ... 0.05128193 0.         0.20958138]
 [1.40000534 1.49122429 1.30718946 ... 0.2608633  0.20958138 0.        ]]
wevo - INFO - Starting variance optimization: 3241636.011061991
wevo - INFO - WEVO ran for 26 cycles
wevo - INFO - 
To split: 50 total: 25 being split 
 [0, 1, 0, 0, 0, 0, 10, 2, 0, 0, 0, 0, 1, 0, 0, 0, 0, 0, 0, 0, 0, 0, 0, 0, 0, 0, 0, 2, 0, 0, 0, 0, 0, 0, 3, 0, 0, 0, 0, 0, 6, 0, 0, 0, 0, 0, 0, 0, 0, 0]
wevo - INFO - 
To merge: 50 total: 25 being merged 
 [[], [], [], [], [], [], [], [], [], [], [], [], [], [], [], [], [], [], [], [], [], [], [], [], [], [], [], [], [], [], [], [], [], [], [], [], [], [], [], [30, 37, 31], [], [29, 33], [35, 36], [25, 24, 23], [38], [], [], [], [], [13, 11, 17, 8, 2, 22, 5, 16, 3, 15, 0, 4, 10, 14]]
wevo - INFO - distance_matrix
wevo - INFO - 
[[0.         0.18482828 0.05893898 ... 1.81636763 1.90271616 1.64453745]
 [0.18482828 0.         0.24376726 ... 1.63153934 1.71788788 1.45970917]
 [0.05893898 0.24376726 0.         ... 1.87530661 1.96165514 1.70347643]
 ...
 [1.81636763 1.63153934 1.87530661 ... 0.         0.08634853 0.17183018]
 [1.90271616 1.71788788 1.96165514 ... 0.08634853 0.         0.25817871]
 [1.64453745 1.45970917 1.70347643 ... 0.17183018 0.25817871 0.        ]]
wevo - INFO - Starting variance optimization: 4228740.168666074
wevo - INFO - WEVO ran for 22 cycles
wevo - INFO - 
To split: 50 total: 21 being split 
 [0, 0, 0, 0, 1, 0, 0, 0, 0, 3, 10, 0, 0, 0, 0, 0, 0, 0, 0, 0, 0, 0, 0, 0, 0, 0, 1, 0, 0, 0, 0, 0, 0, 0, 0, 0, 2, 0, 0, 0, 0, 0, 0, 4, 0, 0, 0, 0, 0, 0]
wevo - INFO - 
To merge: 50 total: 21 being merged 
 [[], [], [], [], [], [], [], [], [], [], [], [], [], [], [], [], [], [], [], [], [], [], [], [], [], [], [], [], [], [], [], [], [], [], [], [], [], [], [], [], [32, 29, 38, 28, 27, 33], [], [25], [], [], [], [], [], [], [11, 14, 1, 3, 12, 20, 13, 7, 0, 21, 2, 16, 17, 15]]
wevo - INFO - distance_matrix
wevo - INFO - 
[[0.         0.05026293 0.20499611 ... 2.49993324 2.29364395 2.02551365]
 [0.05026293 0.         0.25525904 ... 2.55019617 2.34390688 2.07577658]
 [0.20499611 0.25525904 0.         ... 2.29493713 2.08864784 1.82051754]
 ...
 [2.49993324 2.55019617 2.29493713 ... 0.         0.20628929 0.47441959]
 [2.29364395 2.34390688 2.08864784 ... 0.20628929 0.         0.2681303 ]
 [2.02551365 2.07577658 1.82051754 ... 0.47441959 0.2681303  0.        ]]
wevo - INFO - Starting variance optimization: 5363299.975048077
wevo - INFO - WEVO ran for 21 cycles
wevo - INFO - 
To split: 50 total: 20 being split 
 [0, 0, 0, 0, 4, 0, 0, 0, 0, 0, 0, 1, 0, 0, 0, 0, 2, 0, 0, 7, 0, 0, 0, 0, 0, 0, 0, 0, 0, 0, 0, 0, 0, 0, 0, 0, 0, 2, 0, 4, 0, 0, 0, 0, 0, 0, 0, 0, 0, 0]
wevo - INFO - 
To merge: 50 total: 20 being merged 
 [[], [], [], [], [], [], [], [], [], [], [], [], [], [], [], [], [], [], [], [], [], [], [], [], [], [], [], [], [], [], [], [], [], [], [], [], [], [], [], [], [], [40, 31, 35, 29], [23], [], [25], [], [], [], [], [17, 7, 20, 9, 21, 15, 8, 2, 10, 18, 12, 3, 14, 5]]
wevo - INFO - distance_matrix
wevo - INFO - 
[[0.         0.0561862  0.40130806 ... 2.78098249 2.6528573  2.53841734]
 [0.0561862  0.         0.45749426 ... 2.83716869 2.7090435  2.59460354]
 [0.40130806 0.45749426 0.         ... 2.37967443 2.25154924 2.13710928]
 ...
 [2.78098249 2.83716869 2.37967443 ... 0.         0.12812519 0.24256516]
 [2.6528573  2.7090435  2.25154924 ... 0.12812519 0.         0.11443996]
 [2.53841734 2.59460354 2.13710928 ... 0.24256516 0.11443996 0.        ]]
wevo - INFO - Starting variance optimization: 7249247.774062418
wevo - INFO - WEVO ran for 16 cycles
wevo - INFO - 
To split: 50 total: 15 being split 
 [2, 3, 0, 0, 0, 5, 0, 0, 0, 0, 0, 0, 0, 0, 0, 1, 0, 0, 0, 0, 0, 0, 0, 0, 0, 0, 0, 0, 0, 0, 0, 0, 0, 1, 0, 0, 0, 0, 0, 0, 0, 2, 0, 0, 0, 1, 0, 0, 0, 0]
wevo - INFO - 
To merge: 50 total: 15 being merged 
 [[], [], [], [], [], [], [], [], [], [], [], [], [], [], [], [], [], [], [], [], [], [], [], [], [], [], [], [], [], [], [], [], [], [], [], [], [], [], [], [36, 22, 19, 28, 26], [], [], [], [24], [], [], [], [], [], [6, 13, 16, 2, 17, 3, 14, 8, 21]]
wevo - INFO - distance_matrix
wevo - INFO - 
[[0.         0.02815533 0.191998   ... 2.68437433 2.78003454 2.56663847]
 [0.02815533 0.         0.16384268 ... 2.71252966 2.80818987 2.5947938 ]
 [0.191998   0.16384268 0.         ... 2.87637234 2.97203255 2.75863647]
 ...
 [2.68437433 2.71252966 2.87637234 ... 0.         0.09566021 0.11773586]
 [2.78003454 2.80818987 2.97203255 ... 0.09566021 0.         0.21339607]
 [2.56663847 2.5947938  2.75863647 ... 0.11773586 0.21339607 0.        ]]
wevo - INFO - Starting variance optimization: 8428446.64616478
wevo - INFO - WEVO ran for 15 cycles
wevo - INFO - 
To split: 50 total: 14 being split 
 [0, 0, 0, 0, 1, 0, 0, 0, 1, 0, 0, 0, 1, 1, 0, 0, 2, 1, 0, 0, 0, 0, 0, 0, 0, 0, 0, 0, 0, 0, 0, 0, 0, 0, 0, 0, 0, 0, 1, 0, 0, 5, 0, 0, 0, 1, 0, 0, 0, 0]
wevo - INFO - 
To merge: 50 total: 14 being merged 
 [[], [], [], [], [], [], [], [], [], [], [], [], [], [], [], [], [], [], [], [], [], [], [], [], [], [], [], [], [], [], [], [], [], [], [], [], [], [], [], [36], [42, 34, 27, 33], [], [], [23], [], [], [], [], [], [14, 5, 15, 19, 18, 7, 9, 21]]
wevo - INFO - distance_matrix
wevo - INFO - 
[[0.         0.27669144 0.11931372 ... 2.76962233 3.01372576 2.80914164]
 [0.27669144 0.         0.15737772 ... 3.04631376 3.29041719 3.08583307]
 [0.11931372 0.15737772 0.         ... 2.88893604 3.13303947 2.92845535]
 ...
 [2.76962233 3.04631376 2.88893604 ... 0.         0.24410343 0.03951931]
 [3.01372576 3.29041719 3.13303947 ... 0.24410343 0.         0.20458412]
 [2.80914164 3.08583307 2.92845535 ... 0.03951931 0.20458412 0.        ]]
wevo - INFO - Starting variance optimization: 8665066.13043298
wevo - INFO - WEVO ran for 21 cycles
wevo - INFO - 
To split: 50 total: 20 being split 
 [0, 0, 0, 0, 0, 0, 0, 1, 0, 0, 0, 1, 0, 0, 0, 0, 3, 5, 0, 0, 2, 0, 0, 0, 0, 0, 0, 0, 0, 0, 0, 0, 0, 0, 0, 0, 0, 0, 0, 0, 0, 0, 0, 0, 8, 0, 0, 0, 0, 0]
wevo - INFO - 
To merge: 50 total: 20 being merged 
 [[], [], [], [], [], [], [], [], [], [], [], [], [], [], [], [], [], [], [], [], [], [], [], [], [], [], [], [], [], [], [], [], [], [], [], [], [], [], [], [], [], [31], [32, 30, 38, 22, 29, 24, 28], [], [], [], [21, 18, 3, 10, 5, 13, 6, 4, 8, 19, 12, 14], [], [], []]
wevo - INFO - distance_matrix
wevo - INFO - 
[[0.         0.26630259 0.18915796 ... 3.15676165 2.97372293 2.95934629]
 [0.26630259 0.         0.07714462 ... 2.89045906 2.70742035 2.69304371]
 [0.18915796 0.07714462 0.         ... 2.96760368 2.78456497 2.77018833]
 ...
 [3.15676165 2.89045906 2.96760368 ... 0.         0.18303871 0.19741535]
 [2.97372293 2.70742035 2.78456497 ... 0.18303871 0.         0.01437664]
 [2.95934629 2.69304371 2.77018833 ... 0.19741535 0.01437664 0.        ]]
wevo - INFO - Starting variance optimization: 8848010.679551167
wevo - INFO - WEVO ran for 9 cycles
wevo - INFO - 
To split: 50 total: 8 being split 
 [0, 0, 0, 0, 0, 0, 0, 0, 0, 0, 0, 0, 0, 0, 0, 1, 0, 0, 1, 0, 3, 1, 0, 0, 0, 0, 0, 0, 0, 0, 0, 0, 0, 0, 0, 0, 0, 1, 1, 0, 0, 0, 0, 0, 0, 0, 0, 0, 0, 0]
wevo - INFO - 
To merge: 50 total: 8 being merged 
 [[], [], [], [], [], [], [], [], [], [], [], [], [], [], [], [], [], [], [], [], [], [], [], [], [], [], [], [], [], [], [], [], [], [], [42, 29], [], [], [], [], [], [], [], [], [], [11, 16, 14, 3, 10, 6], [], [], [], [], []]
wevo - INFO - distance_matrix
wevo - INFO - 
[[0.         0.46097088 0.07599926 ... 2.87557077 2.81596613 2.73725557]
 [0.46097088 0.         0.38497162 ... 2.4145999  2.35499525 2.27628469]
 [0.07599926 0.38497162 0.         ... 2.79957151 2.73996687 2.66125631]
 ...
 [2.87557077 2.4145999  2.79957151 ... 0.         0.05960464 0.1383152 ]
 [2.81596613 2.35499525 2.73996687 ... 0.05960464 0.         0.07871056]
 [2.73725557 2.27628469 2.66125631 ... 0.1383152  0.07871056 0.        ]]
wevo - INFO - Starting variance optimization: 8811624.783547612
wevo - INFO - WEVO ran for 7 cycles
wevo - INFO - 
To split: 50 total: 6 being split 
 [0, 0, 0, 0, 0, 0, 0, 0, 0, 0, 0, 0, 0, 1, 0, 2, 0, 0, 0, 0, 0, 2, 0, 0, 0, 0, 0, 0, 0, 0, 0, 0, 0, 0, 0, 0, 0, 1, 0, 0, 0, 0, 0, 0, 0, 0, 0, 0, 0, 0]
wevo - INFO - 
To merge: 50 total: 6 being merged 
 [[], [], [], [], [], [], [], [], [], [], [], [], [], [], [], [], [], [], [], [], [], [], [], [], [], [], [], [], [], [], [], [], [], [], [], [], [], [], [], [], [], [], [27], [], [12, 10, 1, 17, 9], [], [], [], [], []]
wevo - INFO - distance_matrix
wevo - INFO - 
[[0.         0.52812195 0.18256283 ... 2.85642099 2.72858477 2.74030828]
 [0.52812195 0.         0.34555912 ... 2.32829905 2.20046282 2.21218634]
 [0.18256283 0.34555912 0.         ... 2.67385817 2.54602194 2.55774546]
 ...
 [2.85642099 2.32829905 2.67385817 ... 0.         0.12783623 0.11611271]
 [2.72858477 2.20046282 2.54602194 ... 0.12783623 0.         0.01172352]
 [2.74030828 2.21218634 2.55774546 ... 0.11611271 0.01172352 0.        ]]
wevo - INFO - Starting variance optimization: 8369860.727453891
wevo - INFO - WEVO ran for 9 cycles
wevo - INFO - 
To split: 50 total: 8 being split 
 [0, 0, 0, 0, 0, 0, 0, 0, 0, 0, 0, 0, 0, 0, 0, 0, 0, 0, 1, 0, 0, 1, 0, 0, 0, 0, 0, 0, 0, 0, 0, 0, 0, 0, 0, 0, 0, 0, 0, 0, 0, 6, 0, 0, 0, 0, 0, 0, 0, 0]
wevo - INFO - 
To merge: 50 total: 8 being merged 
 [[], [], [], [], [], [], [], [], [], [], [], [], [], [], [], [], [], [], [], [], [], [], [], [], [], [], [], [], [], [], [], [], [], [], [], [], [], [], [], [36, 37, 31], [], [], [38, 28], [], [1, 10, 15], [], [], [], [], []]
wevo - INFO - distance_matrix
wevo - INFO - 
[[0.         0.41724062 0.21480513 ... 2.88320732 3.08521938 2.78048706]
 [0.41724062 0.         0.20243549 ... 2.4659667  2.66797876 2.36324644]
 [0.21480513 0.20243549 0.         ... 2.66840219 2.87041426 2.56568193]
 ...
 [2.88320732 2.4659667  2.66840219 ... 0.         0.20201206 0.10272026]
 [3.08521938 2.66797876 2.87041426 ... 0.20201206 0.         0.30473232]
 [2.78048706 2.36324644 2.56568193 ... 0.10272026 0.30473232 0.        ]]
wevo - INFO - Starting variance optimization: 9252884.58665318
wevo - INFO - WEVO ran for 7 cycles
wevo - INFO - 
To split: 50 total: 6 being split 
 [0, 0, 0, 0, 0, 0, 0, 0, 0, 0, 0, 0, 1, 1, 0, 0, 0, 0, 0, 1, 0, 0, 0, 0, 0, 1, 0, 0, 0, 1, 0, 0, 0, 1, 0, 0, 0, 0, 0, 0, 0, 0, 0, 0, 0, 0, 0, 0, 0, 0]
wevo - INFO - 
To merge: 50 total: 6 being merged 
 [[], [], [], [], [], [], [], [], [], [], [], [], [], [], [], [], [], [], [], [], [], [], [], [], [], [], [], [], [], [], [], [], [], [], [26, 37, 40], [], [], [], [], [], [], [], [], [4, 16, 11], [], [], [], [], [], []]
wevo - INFO - distance_matrix
wevo - INFO - 
[[0.         0.07327461 0.01706934 ... 2.93278456 3.2294898  2.78672361]
 [0.07327461 0.         0.09034395 ... 3.00605917 3.30276442 2.85999823]
 [0.01706934 0.09034395 0.         ... 2.91571522 3.21242046 2.76965427]
 ...
 [2.93278456 3.00605917 2.91571522 ... 0.         0.29670525 0.14606094]
 [3.2294898  3.30276442 3.21242046 ... 0.29670525 0.         0.44276619]
 [2.78672361 2.85999823 2.76965427 ... 0.14606094 0.44276619 0.        ]]
wevo - INFO - Starting variance optimization: 9986474.524884487
wevo - INFO - WEVO ran for 12 cycles
wevo - INFO - 
To split: 50 total: 11 being split 
 [0, 0, 0, 0, 0, 0, 0, 0, 0, 0, 0, 0, 0, 0, 0, 0, 2, 0, 2, 0, 0, 0, 0, 0, 0, 0, 1, 0, 0, 0, 0, 1, 1, 0, 0, 1, 0, 0, 0, 0, 3, 0, 0, 0, 0, 0, 0, 0, 0, 0]
wevo - INFO - 
To merge: 50 total: 11 being merged 
 [[], [], [], [], [], [], [], [], [], [], [], [], [], [], [], [], [], [], [], [], [], [], [], [], [], [], [], [], [36, 39, 25, 30, 29], [], [], [], [], [], [], [], [], [], [], [], [], [37], [], [], [], [], [3, 19, 9, 4, 10], [], [], []]
wevo - INFO - distance_matrix
wevo - INFO - 
[[0.         0.16001177 0.14225435 ... 3.12936735 2.87246561 2.71312094]
 [0.16001177 0.         0.01775742 ... 2.96935558 2.71245384 2.55310917]
 [0.14225435 0.01775742 0.         ... 2.987113   2.73021126 2.57086658]
 ...
 [3.12936735 2.96935558 2.987113   ... 0.         0.25690174 0.41624641]
 [2.87246561 2.71245384 2.73021126 ... 0.25690174 0.         0.15934467]
 [2.71312094 2.55310917 2.57086658 ... 0.41624641 0.15934467 0.        ]]
wevo - INFO - Starting variance optimization: 10738162.234303428
wevo - INFO - WEVO ran for 6 cycles
wevo - INFO - 
To split: 50 total: 5 being split 
 [0, 0, 0, 0, 0, 0, 0, 0, 0, 0, 0, 0, 0, 0, 0, 0, 0, 0, 0, 1, 0, 0, 0, 0, 0, 0, 0, 0, 0, 0, 0, 0, 0, 0, 0, 0, 0, 0, 0, 1, 0, 3, 0, 0, 0, 0, 0, 0, 0, 0]
wevo - INFO - 
To merge: 50 total: 5 being merged 
 [[], [], [], [], [], [], [], [], [], [], [], [], [], [], [], [], [], [], [], [], [], [], [], [], [], [], [], [], [], [], [], [], [], [], [], [], [], [], [28, 23], [], [30], [], [], [], [], [], [16, 14], [], [], []]
wevo - INFO - distance_matrix
wevo - INFO - 
[[0.         0.42605782 0.10886002 ... 2.95491409 3.2474184  2.75835037]
 [0.42605782 0.         0.3171978  ... 2.52885628 2.82136059 2.33229256]
 [0.10886002 0.3171978  0.         ... 2.84605408 3.13855839 2.64949036]
 ...
 [2.95491409 2.52885628 2.84605408 ... 0.         0.29250431 0.19656372]
 [3.2474184  2.82136059 3.13855839 ... 0.29250431 0.         0.48906803]
 [2.75835037 2.33229256 2.64949036 ... 0.19656372 0.48906803 0.        ]]
wevo - INFO - Starting variance optimization: 10456037.788501197
wevo - INFO - WEVO ran for 4 cycles
wevo - INFO - 
To split: 50 total: 3 being split 
 [0, 0, 0, 0, 0, 0, 0, 0, 0, 0, 0, 0, 0, 0, 0, 0, 0, 1, 0, 0, 0, 0, 0, 1, 0, 0, 0, 0, 0, 0, 1, 0, 0, 0, 0, 0, 0, 0, 0, 0, 0, 0, 0, 0, 0, 0, 0, 0, 0, 0]
wevo - INFO - 
To merge: 50 total: 3 being merged 
 [[], [], [], [], [], [], [], [], [], [], [], [], [], [], [], [], [], [], [], [], [], [], [], [], [], [], [], [], [], [], [], [], [], [], [], [], [], [], [], [], [], [33, 26], [], [], [], [], [16], [], [], []]
wevo - INFO - distance_matrix
wevo - INFO - 
[[0.00000000e+00 8.36477280e-02 1.19889736e-01 ... 3.37113714e+00
  3.36971426e+00 2.81938505e+00]
 [8.36477280e-02 0.00000000e+00 2.03537464e-01 ... 3.28748941e+00
  3.28606653e+00 2.73573732e+00]
 [1.19889736e-01 2.03537464e-01 0.00000000e+00 ... 3.49102688e+00
  3.48960400e+00 2.93927479e+00]
 ...
 [3.37113714e+00 3.28748941e+00 3.49102688e+00 ... 0.00000000e+00
  1.42288208e-03 5.51752090e-01]
 [3.36971426e+00 3.28606653e+00 3.48960400e+00 ... 1.42288208e-03
  0.00000000e+00 5.50329208e-01]
 [2.81938505e+00 2.73573732e+00 2.93927479e+00 ... 5.51752090e-01
  5.50329208e-01 0.00000000e+00]]
wevo - INFO - Starting variance optimization: 11282896.830363406
wevo - INFO - WEVO ran for 16 cycles
wevo - INFO - 
To split: 50 total: 15 being split 
 [0, 0, 0, 0, 0, 0, 0, 0, 0, 0, 0, 0, 0, 0, 0, 0, 0, 1, 0, 0, 0, 0, 0, 0, 0, 0, 0, 0, 0, 1, 0, 0, 0, 0, 0, 0, 0, 7, 0, 1, 5, 0, 0, 0, 0, 0, 0, 0, 0, 0]
wevo - INFO - 
To merge: 50 total: 15 being merged 
 [[], [], [], [], [], [], [], [], [], [], [], [], [], [], [], [], [], [], [], [], [], [], [], [], [], [], [], [], [], [], [], [24, 33, 26], [], [], [], [], [], [], [], [], [], [32, 30, 19, 23, 21, 38, 35, 25, 20], [], [], [], [], [], [], [], [5, 11, 18]]
wevo - INFO - distance_matrix
wevo - INFO - 
[[0.         0.54740953 0.01889133 ... 3.12030411 3.20514011 3.0259161 ]
 [0.54740953 0.         0.56630087 ... 2.57289457 2.65773058 2.47850657]
 [0.01889133 0.56630087 0.         ... 3.13919544 3.22403145 3.04480743]
 ...
 [3.12030411 2.57289457 3.13919544 ... 0.         0.08483601 0.09438801]
 [3.20514011 2.65773058 3.22403145 ... 0.08483601 0.         0.17922401]
 [3.0259161  2.47850657 3.04480743 ... 0.09438801 0.17922401 0.        ]]
wevo - INFO - Starting variance optimization: 11532417.459659012
wevo - INFO - WEVO ran for 11 cycles
wevo - INFO - 
To split: 50 total: 10 being split 
 [0, 0, 0, 0, 0, 0, 0, 0, 0, 0, 0, 0, 0, 0, 0, 0, 0, 1, 0, 0, 2, 0, 0, 1, 2, 0, 0, 0, 0, 0, 0, 0, 0, 0, 0, 1, 3, 0, 0, 0, 0, 0, 0, 0, 0, 0, 0, 0, 0, 0]
wevo - INFO - 
To merge: 50 total: 10 being merged 
 [[], [], [], [], [], [], [], [], [], [], [], [], [], [], [], [], [], [], [], [], [], [], [39, 21, 26, 40, 19, 27, 37, 18, 38], [], [], [], [], [], [], [], [], [], [], [], [], [], [], [], [], [], [], [], [], [], [], [], [9], [], [], []]
wevo - INFO - distance_matrix
wevo - INFO - 
[[0.         0.02217722 0.1188736  ... 3.28113794 3.27252817 2.98255205]
 [0.02217722 0.         0.14105082 ... 3.30331516 3.29470539 3.00472927]
 [0.1188736  0.14105082 0.         ... 3.16226435 3.15365458 2.86367846]
 ...
 [3.28113794 3.30331516 3.16226435 ... 0.         0.00860977 0.29858589]
 [3.27252817 3.29470539 3.15365458 ... 0.00860977 0.         0.28997612]
 [2.98255205 3.00472927 2.86367846 ... 0.29858589 0.28997612 0.        ]]
wevo - INFO - Starting variance optimization: 12808408.34390921
wevo - INFO - WEVO ran for 9 cycles
wevo - INFO - 
To split: 50 total: 8 being split 
 [0, 0, 0, 0, 0, 0, 0, 0, 0, 0, 0, 0, 0, 0, 0, 0, 0, 0, 0, 0, 0, 0, 0, 0, 0, 0, 1, 0, 0, 0, 1, 1, 1, 0, 1, 0, 1, 1, 0, 1, 0, 0, 0, 0, 0, 0, 0, 0, 0, 0]
wevo - INFO - 
To merge: 50 total: 8 being merged 
 [[], [], [], [], [], [], [], [], [], [], [], [], [], [], [], [], [], [], [], [], [], [], [], [], [], [], [], [], [], [], [], [], [], [], [], [], [], [], [], [], [23, 38, 33, 25], [20], [17], [], [], [19, 4], [], [], [], []]
wevo - INFO - distance_matrix
wevo - INFO - 
[[0.         0.1103487  0.7150712  ... 3.23176861 2.67092896 2.70093155]
 [0.1103487  0.         0.6047225  ... 3.34211731 2.78127766 2.81128025]
 [0.7150712  0.6047225  0.         ... 3.94683981 3.38600016 3.41600275]
 ...
 [3.23176861 3.34211731 3.94683981 ... 0.         0.56083965 0.53083706]
 [2.67092896 2.78127766 3.38600016 ... 0.56083965 0.         0.03000259]
 [2.70093155 2.81128025 3.41600275 ... 0.53083706 0.03000259 0.        ]]
wevo - INFO - Starting variance optimization: 12303391.410406342
wevo - INFO - WEVO ran for 20 cycles
wevo - INFO - 
To split: 50 total: 19 being split 
 [0, 0, 0, 0, 0, 0, 0, 0, 0, 0, 0, 0, 0, 0, 0, 0, 0, 0, 0, 0, 0, 0, 0, 0, 0, 0, 0, 0, 0, 0, 0, 0, 0, 0, 0, 1, 0, 0, 0, 0, 18, 0, 0, 0, 0, 0, 0, 0, 0, 0]
wevo - INFO - 
To merge: 50 total: 19 being merged 
 [[], [], [], [], [], [], [], [], [], [], [], [], [], [], [], [], [], [], [], [], [], [], [], [], [], [], [21], [], [], [], [], [], [], [], [], [], [18, 32, 37, 28, 17, 38, 31, 16, 24, 34, 19, 22, 15, 23, 33, 20, 30], [], [], [25], [], [], [], [], [], [], [], [], [], []]
wevo - INFO - distance_matrix
wevo - INFO - 
[[0.         0.99221611 0.48941994 ... 3.13976669 2.56326199 2.6809206 ]
 [0.99221611 0.         0.50279617 ... 4.1319828  3.5554781  3.67313671]
 [0.48941994 0.50279617 0.         ... 3.62918663 3.05268192 3.17034054]
 ...
 [3.13976669 4.1319828  3.62918663 ... 0.         0.57650471 0.45884609]
 [2.56326199 3.5554781  3.05268192 ... 0.57650471 0.         0.11765862]
 [2.6809206  3.67313671 3.17034054 ... 0.45884609 0.11765862 0.        ]]
wevo - INFO - Starting variance optimization: 13545304.65180228
wevo - INFO - WEVO ran for 14 cycles
wevo - INFO - 
To split: 50 total: 13 being split 
 [0, 0, 0, 0, 0, 0, 0, 0, 0, 0, 0, 0, 0, 0, 0, 0, 0, 0, 0, 0, 0, 2, 0, 0, 0, 0, 0, 0, 0, 2, 0, 0, 0, 0, 3, 3, 0, 0, 0, 2, 1, 0, 0, 0, 0, 0, 0, 0, 0, 0]
wevo - INFO - 
To merge: 50 total: 13 being merged 
 [[], [], [], [], [], [], [], [], [], [], [], [], [], [], [], [], [], [], [], [], [], [], [], [], [], [38], [], [], [30, 27, 18, 20, 31, 36, 23, 22, 32, 19, 26], [], [], [], [], [], [], [], [], [], [], [], [], [], [], [], [], [14], [], [], [], []]
wevo - INFO - distance_matrix
wevo - INFO - 
[[0.         0.18687153 0.61353588 ... 2.69278669 2.09135866 2.638556  ]
 [0.18687153 0.         0.42666435 ... 2.87965822 2.27823019 2.82542753]
 [0.61353588 0.42666435 0.         ... 3.30632257 2.70489454 3.25209188]
 ...
 [2.69278669 2.87965822 3.30632257 ... 0.         0.60142803 0.05423069]
 [2.09135866 2.27823019 2.70489454 ... 0.60142803 0.         0.54719734]
 [2.638556   2.82542753 3.25209188 ... 0.05423069 0.54719734 0.        ]]
wevo - INFO - Starting variance optimization: 13337265.43939019
wevo - INFO - WEVO ran for 16 cycles
wevo - INFO - 
To split: 50 total: 15 being split 
 [0, 0, 0, 0, 0, 0, 0, 0, 0, 0, 0, 0, 0, 0, 0, 0, 0, 0, 0, 0, 0, 0, 0, 0, 0, 0, 0, 0, 0, 0, 0, 2, 2, 0, 0, 0, 2, 2, 1, 0, 0, 0, 0, 0, 6, 0, 0, 0, 0, 0]
wevo - INFO - 
To merge: 50 total: 15 being merged 
 [[], [], [], [], [], [], [], [], [], [], [], [], [], [], [], [], [], [], [], [], [], [], [], [], [], [], [], [], [], [], [], [], [], [], [], [], [], [], [], [40, 29, 15, 25, 16, 34, 21, 33, 23, 17, 26, 18, 27, 24], [], [], [], [], [], [9], [], [], [], []]
wevo - INFO - distance_matrix
wevo - INFO - 
[[0.         0.38876629 0.91107893 ... 3.12457132 2.60626936 2.91259432]
 [0.38876629 0.         0.52231264 ... 3.51333761 2.99503565 3.30136061]
 [0.91107893 0.52231264 0.         ... 4.03565025 3.51734829 3.82367325]
 ...
 [3.12457132 3.51333761 4.03565025 ... 0.         0.51830196 0.21197701]
 [2.60626936 2.99503565 3.51734829 ... 0.51830196 0.         0.30632496]
 [2.91259432 3.30136061 3.82367325 ... 0.21197701 0.30632496 0.        ]]
wevo - INFO - Starting variance optimization: 13771195.169582712
wevo - INFO - WEVO ran for 19 cycles
wevo - INFO - 
To split: 50 total: 18 being split 
 [0, 0, 0, 0, 0, 0, 0, 0, 0, 0, 0, 0, 0, 0, 0, 0, 0, 0, 0, 0, 0, 0, 0, 0, 0, 0, 0, 0, 0, 1, 0, 3, 0, 1, 3, 0, 1, 0, 2, 0, 7, 0, 0, 0, 0, 0, 0, 0, 0, 0]
wevo - INFO - 
To merge: 50 total: 18 being merged 
 [[], [], [], [], [], [], [], [], [], [], [], [], [], [], [], [], [], [], [], [], [], [], [], [], [], [], [], [], [22, 35, 37, 18, 25, 24], [], [], [], [], [], [], [], [], [], [], [], [], [30, 26, 20, 19, 16, 27, 21, 39], [14], [13], [15], [], [], [], [6], []]
wevo - INFO - distance_matrix
wevo - INFO - 
[[0.         0.31005764 1.09629631 ... 3.11201525 2.41394663 2.7352252 ]
 [0.31005764 0.         0.78623867 ... 3.42207289 2.72400427 3.04528284]
 [1.09629631 0.78623867 0.         ... 4.20831156 3.51024294 3.83152151]
 ...
 [3.11201525 3.42207289 4.20831156 ... 0.         0.69806862 0.37679005]
 [2.41394663 2.72400427 3.51024294 ... 0.69806862 0.         0.32127857]
 [2.7352252  3.04528284 3.83152151 ... 0.37679005 0.32127857 0.        ]]
wevo - INFO - Starting variance optimization: 14752922.055109357
wevo - INFO - WEVO ran for 21 cycles
wevo - INFO - 
To split: 50 total: 20 being split 
 [0, 0, 0, 0, 0, 0, 0, 0, 0, 0, 0, 0, 0, 0, 0, 0, 0, 0, 0, 0, 0, 0, 0, 0, 0, 0, 0, 0, 0, 0, 0, 0, 0, 0, 0, 0, 1, 0, 0, 2, 0, 17, 0, 0, 0, 0, 0, 0, 0, 0]
wevo - INFO - 
To merge: 50 total: 20 being merged 
 [[], [], [], [], [], [], [], [], [], [], [], [], [], [], [], [], [], [], [], [], [], [], [], [], [], [], [], [], [], [], [], [], [29, 18, 26, 38], [], [40, 12, 22, 21, 17, 28, 16, 19, 15, 13, 35, 27, 23, 33, 14, 25], [], [], [], [], [], [], [], [], [], [], [], [], [], [], []]
wevo - INFO - distance_matrix
wevo - INFO - 
[[0.         0.37618113 0.73765326 ... 3.06301737 2.34816122 2.80118036]
 [0.37618113 0.         0.36147213 ... 3.43919849 2.72434235 3.17736149]
 [0.73765326 0.36147213 0.         ... 3.80067062 3.08581448 3.53883362]
 ...
 [3.06301737 3.43919849 3.80067062 ... 0.         0.71485615 0.26183701]
 [2.34816122 2.72434235 3.08581448 ... 0.71485615 0.         0.45301914]
 [2.80118036 3.17736149 3.53883362 ... 0.26183701 0.45301914 0.        ]]
wevo - INFO - Starting variance optimization: 14373775.784524178
wevo - INFO - WEVO ran for 18 cycles
wevo - INFO - 
To split: 50 total: 17 being split 
 [0, 0, 0, 0, 0, 0, 0, 0, 0, 0, 0, 0, 0, 0, 0, 0, 0, 0, 0, 0, 0, 0, 0, 0, 0, 0, 0, 2, 1, 1, 0, 0, 0, 0, 1, 0, 1, 0, 2, 0, 0, 0, 0, 0, 0, 9, 0, 0, 0, 0]
wevo - INFO - 
To merge: 50 total: 17 being merged 
 [[], [], [], [], [], [], [], [], [], [], [], [], [], [], [], [], [], [26, 21, 15, 39, 33, 31], [], [], [], [], [], [], [], [], [], [], [], [], [32], [], [], [], [], [], [], [16, 25, 22, 23], [], [], [], [40, 20, 35, 12, 24, 13], [], [], [], [], [], [], [], []]
wevo - INFO - distance_matrix
wevo - INFO - 
[[0.         0.55338049 1.25680542 ... 2.64342785 2.27210617 2.66269207]
 [0.55338049 0.         0.70342493 ... 3.19680834 2.82548666 3.21607256]
 [1.25680542 0.70342493 0.         ... 3.90023327 3.52891159 3.91949749]
 ...
 [2.64342785 3.19680834 3.90023327 ... 0.         0.37132168 0.01926422]
 [2.27210617 2.82548666 3.52891159 ... 0.37132168 0.         0.3905859 ]
 [2.66269207 3.21607256 3.91949749 ... 0.01926422 0.3905859  0.        ]]
wevo - INFO - Starting variance optimization: 13470146.799456803
wevo - INFO - WEVO ran for 17 cycles
wevo - INFO - 
To split: 50 total: 16 being split 
 [0, 0, 0, 0, 0, 0, 0, 0, 0, 0, 0, 0, 0, 0, 0, 0, 0, 0, 0, 0, 0, 0, 0, 0, 0, 0, 0, 0, 0, 0, 0, 0, 0, 2, 1, 0, 3, 1, 0, 1, 1, 7, 0, 0, 0, 0, 0, 0, 0, 0]
wevo - INFO - 
To merge: 50 total: 16 being merged 
 [[], [], [], [], [], [], [], [], [], [], [], [], [], [], [], [], [], [], [], [], [], [], [], [], [], [], [], [], [], [30, 23, 26, 14, 31, 15, 16, 13, 17, 35, 28, 18, 19, 20, 24, 38], [], [], [], [], [], [], [], [], [], [], [], [], [], [], [], [], [], [], [], []]
wevo - INFO - distance_matrix
wevo - INFO - 
[[0.         0.69373894 0.60713291 ... 2.62723112 1.96282625 2.83029413]
 [0.69373894 0.         0.08660603 ... 3.32097006 2.65656519 3.52403307]
 [0.60713291 0.08660603 0.         ... 3.23436403 2.56995916 3.43742704]
 ...
 [2.62723112 3.32097006 3.23436403 ... 0.         0.66440487 0.20306301]
 [1.96282625 2.65656519 2.56995916 ... 0.66440487 0.         0.86746788]
 [2.83029413 3.52403307 3.43742704 ... 0.20306301 0.86746788 0.        ]]
wevo - INFO - Starting variance optimization: 13256894.760928351
wevo - INFO - WEVO ran for 18 cycles
wevo - INFO - 
To split: 50 total: 17 being split 
 [0, 0, 0, 0, 0, 0, 0, 0, 0, 0, 0, 0, 0, 0, 0, 0, 0, 0, 0, 0, 0, 0, 0, 0, 0, 0, 0, 0, 0, 1, 1, 0, 0, 0, 0, 0, 2, 0, 2, 0, 8, 0, 3, 0, 0, 0, 0, 0, 0, 0]
wevo - INFO - 
To merge: 50 total: 17 being merged 
 [[], [], [], [], [], [], [], [], [], [], [], [], [], [], [12], [], [], [], [], [23], [], [], [], [], [], [], [], [], [], [], [], [], [], [], [], [26, 31], [], [33, 15, 34, 24, 32, 13, 17, 28], [], [], [], [18, 20, 39, 21, 22], [], [], [], [], [], [], [], []]
wevo - INFO - distance_matrix
wevo - INFO - 
[[0.         0.80097437 0.45022154 ... 2.61441231 1.89587975 2.74436569]
 [0.80097437 0.         0.35075283 ... 3.41538668 2.69685411 3.54534006]
 [0.45022154 0.35075283 0.         ... 3.06463385 2.34610128 3.19458723]
 ...
 [2.61441231 3.41538668 3.06463385 ... 0.         0.71853256 0.12995338]
 [1.89587975 2.69685411 2.34610128 ... 0.71853256 0.         0.84848595]
 [2.74436569 3.54534006 3.19458723 ... 0.12995338 0.84848595 0.        ]]
wevo - INFO - Starting variance optimization: 13088429.798317885
wevo - INFO - WEVO ran for 15 cycles
wevo - INFO - 
To split: 50 total: 14 being split 
 [0, 0, 0, 0, 0, 0, 0, 0, 0, 0, 0, 0, 0, 0, 1, 0, 0, 0, 0, 0, 0, 0, 1, 0, 1, 1, 0, 0, 0, 0, 0, 2, 0, 0, 0, 5, 1, 0, 1, 1, 0, 0, 0, 0, 0, 0, 0, 0, 0, 0]
wevo - INFO - 
To merge: 50 total: 14 being merged 
 [[], [], [], [], [], [], [], [], [], [], [], [], [], [], [], [], [], [], [], [], [], [], [], [], [], [], [], [], [], [], [], [], [], [], [], [], [], [41, 20, 19, 23, 29, 12, 16, 15, 28, 27, 33, 21, 30, 26], [], [], [], [], [], [], [], [], [], [], [], []]
wevo - INFO - distance_matrix
wevo - INFO - 
[[0.         1.55711746 1.08699846 ... 2.21532583 1.68250895 2.56251001]
 [1.55711746 0.         0.470119   ... 3.77244329 3.23962641 4.11962748]
 [1.08699846 0.470119   0.         ... 3.3023243  2.76950741 3.64950848]
 ...
 [2.21532583 3.77244329 3.3023243  ... 0.         0.53281689 0.34718418]
 [1.68250895 3.23962641 2.76950741 ... 0.53281689 0.         0.88000107]
 [2.56251001 4.11962748 3.64950848 ... 0.34718418 0.88000107 0.        ]]
wevo - INFO - Starting variance optimization: 13165334.837108139
wevo - INFO - WEVO ran for 20 cycles
wevo - INFO - 
To split: 50 total: 19 being split 
 [0, 0, 0, 0, 0, 0, 0, 0, 0, 0, 0, 0, 0, 0, 0, 0, 0, 0, 0, 0, 0, 0, 0, 0, 0, 0, 0, 0, 0, 0, 0, 0, 0, 0, 5, 0, 0, 5, 8, 0, 1, 0, 0, 0, 0, 0, 0, 0, 0, 0]
wevo - INFO - 
To merge: 50 total: 19 being merged 
 [[], [], [], [], [], [], [], [], [], [], [], [], [], [], [], [], [], [], [], [], [], [], [], [], [], [], [], [], [], [], [], [], [], [], [], [], [], [], [], [21, 36, 12, 35, 33], [], [31, 22, 15, 16, 20, 14, 29, 13, 28, 25, 17, 24], [], [], [], [], [], [], [0, 11], []]
wevo - INFO - distance_matrix
wevo - INFO - 
[[0.         0.49879885 0.76141834 ... 3.85432625 3.3214407  4.20655632]
 [0.49879885 0.         0.2626195  ... 3.3555274  2.82264185 3.70775747]
 [0.76141834 0.2626195  0.         ... 3.09290791 2.56002235 3.44513798]
 ...
 [3.85432625 3.3555274  3.09290791 ... 0.         0.53288555 0.35223007]
 [3.3214407  2.82264185 2.56002235 ... 0.53288555 0.         0.88511562]
 [4.20655632 3.70775747 3.44513798 ... 0.35223007 0.88511562 0.        ]]
wevo - INFO - Starting variance optimization: 12833579.358984932
wevo - INFO - WEVO ran for 18 cycles
wevo - INFO - 
To split: 50 total: 17 being split 
 [0, 0, 0, 0, 0, 0, 0, 0, 0, 0, 0, 0, 0, 0, 1, 0, 0, 0, 0, 0, 2, 0, 0, 0, 0, 1, 0, 0, 0, 1, 1, 3, 0, 1, 0, 0, 0, 0, 7, 0, 0, 0, 0, 0, 0, 0, 0, 0, 0, 0]
wevo - INFO - 
To merge: 50 total: 17 being merged 
 [[], [], [], [], [], [], [], [], [], [], [], [], [], [], [], [], [], [], [], [], [], [], [], [], [], [], [], [], [], [], [], [], [], [], [], [], [], [], [], [], [23, 22, 34, 13, 16, 37, 27, 21, 10, 12, 35, 18, 17, 36, 28, 26, 39], [], [], [], [], [], [], [], [], []]
wevo - INFO - distance_matrix
wevo - INFO - 
[[0.         0.75443745 0.36664152 ... 3.1174612  2.72465992 3.26527119]
 [0.75443745 0.         0.38779593 ... 3.87189865 3.47909737 4.01970863]
 [0.36664152 0.38779593 0.         ... 3.48410273 3.09130144 3.63191271]
 ...
 [3.1174612  3.87189865 3.48410273 ... 0.         0.39280128 0.14780998]
 [2.72465992 3.47909737 3.09130144 ... 0.39280128 0.         0.54061127]
 [3.26527119 4.01970863 3.63191271 ... 0.14780998 0.54061127 0.        ]]
wevo - INFO - Starting variance optimization: 12338407.412530217
wevo - INFO - WEVO ran for 15 cycles
wevo - INFO - 
To split: 50 total: 14 being split 
 [0, 0, 0, 0, 0, 0, 0, 0, 0, 0, 0, 0, 0, 0, 0, 0, 0, 0, 0, 0, 0, 0, 0, 0, 0, 0, 0, 0, 0, 0, 2, 2, 2, 0, 3, 0, 3, 1, 1, 0, 0, 0, 0, 0, 0, 0, 0, 0, 0, 0]
wevo - INFO - 
To merge: 50 total: 14 being merged 
 [[], [], [], [], [], [], [], [], [], [], [], [], [], [], [], [40, 23, 35, 39, 25, 33, 10, 19, 20, 12, 13, 22, 28], [], [], [], [], [], [], [], [], [], [], [], [], [], [], [], [], [], [], [], [], [], [], [], [], [], [16], [], [], [], [], [], [], [], []]
wevo - INFO - distance_matrix
wevo - INFO - 
[[0.         0.54265976 0.29896736 ... 3.24611378 3.08096218 3.43826199]
 [0.54265976 0.         0.2436924  ... 3.78877354 3.62362194 3.98092175]
 [0.29896736 0.2436924  0.         ... 3.54508114 3.37992954 3.73722935]
 ...
 [3.24611378 3.78877354 3.54508114 ... 0.         0.1651516  0.19214821]
 [3.08096218 3.62362194 3.37992954 ... 0.1651516  0.         0.3572998 ]
 [3.43826199 3.98092175 3.73722935 ... 0.19214821 0.3572998  0.        ]]
wevo - INFO - Starting variance optimization: 13896252.754456664
wevo - INFO - WEVO ran for 12 cycles
wevo - INFO - 
To split: 50 total: 11 being split 
 [0, 0, 0, 0, 0, 0, 0, 0, 0, 0, 0, 0, 0, 1, 1, 1, 0, 0, 0, 0, 0, 0, 0, 0, 0, 0, 0, 0, 2, 1, 1, 0, 0, 0, 0, 3, 0, 1, 0, 0, 0, 0, 0, 0, 0, 0, 0, 0, 0, 0]
wevo - INFO - 
To merge: 50 total: 11 being merged 
